MeetingId,Attendee_meeting_hours,Number_of_attendees,Number_of_attendees_multitasking,Number_of_attendees_who_didn_t_end_the_meeting_on_time,Number_of_attendees_who_didn_t_join_the_meeting_on_time,Number_of_attendees_who_ended_the_meeting_on_time,Number_of_attendees_who_joined_the_meeting_on_time,Number_of_chats_sent_during_the_meeting,Number_of_emails_sent_during_the_meeting,Number_of_redundant_attendees,Subject,All_Day_Meeting,Cancelled,Recurring,Accept_count,No_response_count,Decline_count,Tentatively_accepted_count,Intended_participant_count,Collaboration_start_time,Organizer,zId,attainment,TimeZone,SupervisorIndicator,Region,Population_Type,Organization,OnsiteDays,Number_of_directs,LevelDesignation,Layer,HireDate,GroupNum,GroupName,FunctionType,Domain,ADO_PersonSK,ADO_PersonIndicator,Duration
040000008200E00074C5B7101A82E0080000000059C2BFCB8401D9010000000000000000100000004BB712FC4410BE4DB483224C4A7032961670257800,2,1,0,0,0,0,0,0,0,0,Focus time,FALSE,FALSE,FALSE,1,0,0,0,1,05/12/2022 16:30,9c2ad577-d3fc-3cd6-bce3-df7374b75360,0507a947-9f88-49a4-aa2c-6c0a6cbc3d99,NA,America/Los_Angeles,Mgr+,US,InternalCollaborator,Finance-West,0,14,Executive,1,20/04/2015,7,Employee Group 7,R_and_D,WPAPUBLICDEMO.ONMICROSOFT.COM,b486fa68-da53-61ad-a06f-4baa2000b826,TRUE,2
040000008200E00074C5B7101A82E0080000000008BED5474A01D90100000000000000001000000016F76957C8E51A44BF5A72CAF51423481670229000,2,1,0,0,0,0,0,0,0,0,Focus time,FALSE,FALSE,FALSE,1,0,0,0,1,05/12/2022 08:30,8e357da8-d9c2-3f2a-8b51-bac09377e49e,1c5f7232-c62f-419f-b58e-e0b99525509c,NA,America/Los_Angeles,Mgr+,US,InternalCollaborator,Biz Dev,1,14,Executive,1,08/01/2015,1,Employee Group 1,Operations,WPAPUBLICDEMO.ONMICROSOFT.COM,3773d00d-aa7b-4327-983a-013e82842959,TRUE,2
040000008200E00074C5B7101A82E0080000000021005AA37B01D9010000000000000000100000008333C2045DDA4D48986F3652FFF2B2B81670257800,2,1,0,0,0,0,0,0,0,0,Focus time,FALSE,FALSE,FALSE,1,0,0,0,1,05/12/2022 16:30,f8ed6de3-7463-3a45-bbf6-026bb89424c0,aecc65cc-4ffa-4f88-9469-805953a2f4e4,NA,America/Los_Angeles,Mgr+,US,InternalCollaborator,Human Resources,3,14,Executive,1,11/07/2012,12,Employee Group 12,Operations,WPAPUBLICDEMO.ONMICROSOFT.COM,654a4f57-5b27-63c5-a500-849df79cb3b8,TRUE,2
040000008200E00074C5B7101A82E0080000000013188C278001D9010000000000000000100000009455EF16ABFC0B4CAB2D8FC4D97FAE5E1670259600,2,1,0,0,0,0,0,0,0,0,Focus time,FALSE,FALSE,FALSE,1,0,0,0,1,05/12/2022 17:00,889a5782-ce40-38b3-b44c-69953cf329b4,7c97a818-aa07-459d-a650-ebf352cce2f0,NA,America/Los_Angeles,Mgr+,US,InternalCollaborator,Finance-Corporate,5,14,Executive,1,30/05/2011,4,Employee Group 4,Finance,WPAPUBLICDEMO.ONMICROSOFT.COM,39124dce-a1e4-4bd0-b2d2-212a864cf67a,TRUE,2
040000008200E00074C5B7101A82E0080000000013ADBFE08B01D90100000000000000001000000031199D1F0B80174FB0E4DFACCD7C8BB91670257800,2,1,0,0,0,0,0,0,0,0,Focus time,FALSE,FALSE,FALSE,1,0,0,0,1,05/12/2022 16:30,7407a274-f08a-3d6e-b3d4-137129a17c8e,169bf493-7f54-4550-a9ef-83ecb313e5cf,NA,America/Los_Angeles,Mgr+,US,InternalCollaborator,Facilities,2,6,Director,2,01/09/2012,37,Employee Group 37,Marketing,WPAPUBLICDEMO.ONMICROSOFT.COM,0000000-0000-0000-0000-0000000000,FALSE,2
040000008200E00074C5B7101A82E00800000000BED010CC8401D901000000000000000010000000B4C6CFA68024FC408744E9EFA76BD8D41670344200,2,1,0,0,0,0,0,0,0,0,Focus time,FALSE,FALSE,FALSE,1,0,0,0,1,06/12/2022 16:30,9c2ad577-d3fc-3cd6-bce3-df7374b75360,0507a947-9f88-49a4-aa2c-6c0a6cbc3d99,NA,America/Los_Angeles,Mgr+,US,InternalCollaborator,Finance-West,0,14,Executive,1,20/04/2015,7,Employee Group 7,R_and_D,WPAPUBLICDEMO.ONMICROSOFT.COM,b486fa68-da53-61ad-a06f-4baa2000b826,TRUE,2
040000008200E00074C5B7101A82E00800000000E0A700484A01D901000000000000000010000000377A2D112197534191C137A7FCFC97BC1670315400,2,1,0,0,0,0,0,0,0,0,Focus time,FALSE,FALSE,FALSE,1,0,0,0,1,06/12/2022 08:30,8e357da8-d9c2-3f2a-8b51-bac09377e49e,1c5f7232-c62f-419f-b58e-e0b99525509c,NA,America/Los_Angeles,Mgr+,US,InternalCollaborator,Biz Dev,1,14,Executive,1,08/01/2015,1,Employee Group 1,Operations,WPAPUBLICDEMO.ONMICROSOFT.COM,3773d00d-aa7b-4327-983a-013e82842959,TRUE,2
040000008200E00074C5B7101A82E008000000007EB073E38B01D901000000000000000010000000E12A2722D973F54180055BBAF5D8371D1670344200,2,1,0,0,0,0,0,0,0,0,Focus time,FALSE,FALSE,FALSE,1,0,0,0,1,06/12/2022 16:30,7407a274-f08a-3d6e-b3d4-137129a17c8e,169bf493-7f54-4550-a9ef-83ecb313e5cf,NA,America/Los_Angeles,Mgr+,US,InternalCollaborator,Facilities,2,6,Director,2,01/09/2012,37,Employee Group 37,Marketing,WPAPUBLICDEMO.ONMICROSOFT.COM,0000000-0000-0000-0000-0000000000,FALSE,2
040000008200E00074C5B7101A82E008000000007BACA8A37B01D901000000000000000010000000299626F8600D044FAAF8676A4FBFD55E1670344200,2,1,0,0,0,0,0,0,0,0,Focus time,FALSE,FALSE,FALSE,1,0,0,0,1,06/12/2022 16:30,f8ed6de3-7463-3a45-bbf6-026bb89424c0,aecc65cc-4ffa-4f88-9469-805953a2f4e4,NA,America/Los_Angeles,Mgr+,US,InternalCollaborator,Human Resources,3,14,Executive,1,11/07/2012,12,Employee Group 12,Operations,WPAPUBLICDEMO.ONMICROSOFT.COM,654a4f57-5b27-63c5-a500-849df79cb3b8,TRUE,2
040000008200E00074C5B7101A82E0080000000068BEB9278001D901000000000000000010000000C33E27843D6DC040ABEA3ED3D4859D8D1670432400,2,1,0,0,0,0,0,0,0,0,Focus time,FALSE,FALSE,FALSE,1,0,0,0,1,07/12/2022 17:00,889a5782-ce40-38b3-b44c-69953cf329b4,7c97a818-aa07-459d-a650-ebf352cce2f0,NA,America/Los_Angeles,Mgr+,US,InternalCollaborator,Finance-Corporate,5,14,Executive,1,30/05/2011,4,Employee Group 4,Finance,WPAPUBLICDEMO.ONMICROSOFT.COM,39124dce-a1e4-4bd0-b2d2-212a864cf67a,TRUE,2
040000008200E00074C5B7101A82E00800000000F4711D484A01D9010000000000000000100000003D88E42B893A0F4B871B1823F26F28541670401800,2,1,0,0,0,0,0,0,0,0,Focus time,FALSE,FALSE,FALSE,1,0,0,0,1,07/12/2022 08:30,8e357da8-d9c2-3f2a-8b51-bac09377e49e,1c5f7232-c62f-419f-b58e-e0b99525509c,NA,America/Los_Angeles,Mgr+,US,InternalCollaborator,Biz Dev,1,14,Executive,1,08/01/2015,1,Employee Group 1,Operations,WPAPUBLICDEMO.ONMICROSOFT.COM,3773d00d-aa7b-4327-983a-013e82842959,TRUE,2
040000008200E00074C5B7101A82E00807E60C07188C62D41F02D8010000000000000000100000003BA3EF0A9CC56140B760EA9AD1B0971B1670371200,408,17,0,0,0,0,0,0,0,0,Canceled: No-meeting day,TRUE,TRUE,TRUE,1,17,0,0,18,07/12/2022 00:00,889a5782-ce40-38b3-b44c-69953cf329b4,7c97a818-aa07-459d-a650-ebf352cce2f0,NA,America/Los_Angeles,Mgr+,US,InternalCollaborator,Finance-Corporate,5,14,Executive,1,30/05/2011,4,Employee Group 4,Finance,WPAPUBLICDEMO.ONMICROSOFT.COM,39124dce-a1e4-4bd0-b2d2-212a864cf67a,TRUE,24
040000008200E00074C5B7101A82E008000000005496D3A37B01D90100000000000000001000000037BC6B9A30E96F4DAA2D0F85B3A3049D1670430600,2,1,0,0,0,0,0,0,0,0,Focus time,FALSE,FALSE,FALSE,1,0,0,0,1,07/12/2022 16:30,f8ed6de3-7463-3a45-bbf6-026bb89424c0,aecc65cc-4ffa-4f88-9469-805953a2f4e4,NA,America/Los_Angeles,Mgr+,US,InternalCollaborator,Human Resources,3,14,Executive,1,11/07/2012,12,Employee Group 12,Operations,WPAPUBLICDEMO.ONMICROSOFT.COM,654a4f57-5b27-63c5-a500-849df79cb3b8,TRUE,2
040000008200E00074C5B7101A82E0080000000048BA3BCC8401D901000000000000000010000000ABA4F889E450B64D83707E5CCBF5755F1670430600,2,1,0,0,0,0,0,0,0,0,Focus time,FALSE,FALSE,FALSE,1,0,0,0,1,07/12/2022 16:30,9c2ad577-d3fc-3cd6-bce3-df7374b75360,0507a947-9f88-49a4-aa2c-6c0a6cbc3d99,NA,America/Los_Angeles,Mgr+,US,InternalCollaborator,Finance-West,0,14,Executive,1,20/04/2015,7,Employee Group 7,R_and_D,WPAPUBLICDEMO.ONMICROSOFT.COM,b486fa68-da53-61ad-a06f-4baa2000b826,TRUE,2
040000008200E00074C5B7101A82E00800000000DF731AE48B01D901000000000000000010000000F26E40DF481984469E0EE6A37A383DB61670430600,2,1,0,0,0,0,0,0,0,0,Focus time,FALSE,FALSE,FALSE,1,0,0,0,1,07/12/2022 16:30,7407a274-f08a-3d6e-b3d4-137129a17c8e,169bf493-7f54-4550-a9ef-83ecb313e5cf,NA,America/Los_Angeles,Mgr+,US,InternalCollaborator,Facilities,2,6,Director,2,01/09/2012,37,Employee Group 37,Marketing,WPAPUBLICDEMO.ONMICROSOFT.COM,0000000-0000-0000-0000-0000000000,FALSE,2
040000008200E00074C5B7101A82E008000000009BF6F4A37B01D901000000000000000010000000A31A699E4DB82A4D991E0A3C7D5D1F1B1670517000,2,1,0,0,0,0,0,0,0,0,Focus time,FALSE,FALSE,FALSE,1,0,0,0,1,08/12/2022 16:30,f8ed6de3-7463-3a45-bbf6-026bb89424c0,aecc65cc-4ffa-4f88-9469-805953a2f4e4,NA,America/Los_Angeles,Mgr+,US,InternalCollaborator,Human Resources,3,14,Executive,1,11/07/2012,12,Employee Group 12,Operations,WPAPUBLICDEMO.ONMICROSOFT.COM,654a4f57-5b27-63c5-a500-849df79cb3b8,TRUE,2
040000008200E00074C5B7101A82E00807E60C08AE96CEF81C02D801000000000000000010000000E42D137D34D4CD4DBB9C167AAC7A3DF41670457600,408,17,0,0,0,0,0,0,0,0,Canceled: No-meeting day,TRUE,TRUE,TRUE,1,17,0,0,18,08/12/2022 00:00,889a5782-ce40-38b3-b44c-69953cf329b4,7c97a818-aa07-459d-a650-ebf352cce2f0,NA,America/Los_Angeles,Mgr+,US,InternalCollaborator,Finance-Corporate,5,14,Executive,1,30/05/2011,4,Employee Group 4,Finance,WPAPUBLICDEMO.ONMICROSOFT.COM,39124dce-a1e4-4bd0-b2d2-212a864cf67a,TRUE,24
040000008200E00074C5B7101A82E00800000000757E1EE58B01D901000000000000000010000000282D73F709445645A6B137FD768305821670517000,2,1,0,0,0,0,0,0,0,0,Focus time,FALSE,FALSE,FALSE,1,0,0,0,1,08/12/2022 16:30,7407a274-f08a-3d6e-b3d4-137129a17c8e,169bf493-7f54-4550-a9ef-83ecb313e5cf,NA,America/Los_Angeles,Mgr+,US,InternalCollaborator,Facilities,2,6,Director,2,01/09/2012,37,Employee Group 37,Marketing,WPAPUBLICDEMO.ONMICROSOFT.COM,0000000-0000-0000-0000-0000000000,FALSE,2
040000008200E00074C5B7101A82E00807E60C082BE5955A2D24D801000000000000000010000000D87A0EA90A1288449B3C7F74B97FC42B1670457600,144,6,0,0,0,0,0,0,0,0,No-meeting day,TRUE,FALSE,TRUE,1,6,0,0,7,08/12/2022 00:00,bb097379-891f-3c7a-ab9b-bd723329dda5,44769754-9af5-4310-9007-c0ba986848d7,NA,America/Los_Angeles,Mgr+,US,InternalCollaborator,Biz Dev,0,6,Director,2,01/12/2013,17,Employee Group 17,Operations,WPAPUBLICDEMO.ONMICROSOFT.COM,3d7ed447-75a5-6488-a5d5-b45798a6fa17,TRUE,24
040000008200E00074C5B7101A82E0080000000029DF61CC8401D901000000000000000010000000BDC6E338317FD84C86612CAFF195F6B41670517000,2,1,0,0,0,0,0,0,0,0,Focus time,FALSE,FALSE,FALSE,1,0,0,0,1,08/12/2022 16:30,9c2ad577-d3fc-3cd6-bce3-df7374b75360,0507a947-9f88-49a4-aa2c-6c0a6cbc3d99,NA,America/Los_Angeles,Mgr+,US,InternalCollaborator,Finance-West,0,14,Executive,1,20/04/2015,7,Employee Group 7,R_and_D,WPAPUBLICDEMO.ONMICROSOFT.COM,b486fa68-da53-61ad-a06f-4baa2000b826,TRUE,2
040000008200E00074C5B7101A82E00800000000460B3A484A01D901000000000000000010000000F96B059B69E3C64CAB315CA2072E733E1670488200,2,1,0,0,0,0,0,0,0,0,Focus time,FALSE,FALSE,FALSE,1,0,0,0,1,08/12/2022 08:30,8e357da8-d9c2-3f2a-8b51-bac09377e49e,1c5f7232-c62f-419f-b58e-e0b99525509c,NA,America/Los_Angeles,Mgr+,US,InternalCollaborator,Biz Dev,1,14,Executive,1,08/01/2015,1,Employee Group 1,Operations,WPAPUBLICDEMO.ONMICROSOFT.COM,3773d00d-aa7b-4327-983a-013e82842959,TRUE,2
040000008200E00074C5B7101A82E00800000000BBA185CC8401D9010000000000000000100000003CA67246BEC642409C75DACCE2DFC5E41670603400,2,1,0,0,0,0,0,0,0,0,Focus time,FALSE,FALSE,FALSE,1,0,0,0,1,09/12/2022 16:30,9c2ad577-d3fc-3cd6-bce3-df7374b75360,0507a947-9f88-49a4-aa2c-6c0a6cbc3d99,NA,America/Los_Angeles,Mgr+,US,InternalCollaborator,Finance-West,0,14,Executive,1,20/04/2015,7,Employee Group 7,R_and_D,WPAPUBLICDEMO.ONMICROSOFT.COM,b486fa68-da53-61ad-a06f-4baa2000b826,TRUE,2
040000008200E00074C5B7101A82E00800000000E0A424A47B01D9010000000000000000100000001A9582468D87254B948B6D01F108C5EC1670603400,2,1,0,0,0,0,0,0,0,0,Focus time,FALSE,FALSE,FALSE,1,0,0,0,1,09/12/2022 16:30,f8ed6de3-7463-3a45-bbf6-026bb89424c0,aecc65cc-4ffa-4f88-9469-805953a2f4e4,NA,America/Los_Angeles,Mgr+,US,InternalCollaborator,Human Resources,3,14,Executive,1,11/07/2012,12,Employee Group 12,Operations,WPAPUBLICDEMO.ONMICROSOFT.COM,654a4f57-5b27-63c5-a500-849df79cb3b8,TRUE,2
040000008200E00074C5B7101A82E00807E60C09C44B90D12C02D801000000000000000010000000A65F24BC4932D34DAC6BB0B811E6D8DB1670544000,432,18,0,0,0,0,0,0,0,0,No-meeting day,TRUE,FALSE,TRUE,1,17,0,0,18,09/12/2022 00:00,889a5782-ce40-38b3-b44c-69953cf329b4,7c97a818-aa07-459d-a650-ebf352cce2f0,NA,America/Los_Angeles,Mgr+,US,InternalCollaborator,Finance-Corporate,5,14,Executive,1,30/05/2011,4,Employee Group 4,Finance,WPAPUBLICDEMO.ONMICROSOFT.COM,39124dce-a1e4-4bd0-b2d2-212a864cf67a,TRUE,24
040000008200E00074C5B7101A82E00800000000D5A556484A01D9010000000000000000100000002BAF6069A7CF134EBB850F8C3553AEAF1670574600,2,1,0,0,0,0,0,0,0,0,Focus time,FALSE,FALSE,FALSE,1,0,0,0,1,09/12/2022 08:30,8e357da8-d9c2-3f2a-8b51-bac09377e49e,1c5f7232-c62f-419f-b58e-e0b99525509c,NA,America/Los_Angeles,Mgr+,US,InternalCollaborator,Biz Dev,1,14,Executive,1,08/01/2015,1,Employee Group 1,Operations,WPAPUBLICDEMO.ONMICROSOFT.COM,3773d00d-aa7b-4327-983a-013e82842959,TRUE,2
040000008200E00074C5B7101A82E00800000000A00447E58B01D9010000000000000000100000008058744806F01B439F0B070D738A7AF81670603400,2,1,0,0,0,0,0,0,0,0,Focus time,FALSE,FALSE,FALSE,1,0,0,0,1,09/12/2022 16:30,7407a274-f08a-3d6e-b3d4-137129a17c8e,169bf493-7f54-4550-a9ef-83ecb313e5cf,NA,America/Los_Angeles,Mgr+,US,InternalCollaborator,Facilities,2,6,Director,2,01/09/2012,37,Employee Group 37,Marketing,WPAPUBLICDEMO.ONMICROSOFT.COM,0000000-0000-0000-0000-0000000000,FALSE,2
040000008200E00074C5B7101A82E00807E60C0AA53A195AF3A3D801000000000000000010000000DA977C8D33EDA0459DA7F6CB2EAF35E31670630400,216,9,0,0,0,0,0,0,0,0,<U+7121><U+6703><U+8B70><U+65E5>,TRUE,FALSE,TRUE,1,10,0,0,11,10/12/2022 00:00,7407a274-f08a-3d6e-b3d4-137129a17c8e,169bf493-7f54-4550-a9ef-83ecb313e5cf,NA,America/Los_Angeles,Mgr+,US,InternalCollaborator,Facilities,2,6,Director,2,01/09/2012,37,Employee Group 37,Marketing,WPAPUBLICDEMO.ONMICROSOFT.COM,0000000-0000-0000-0000-0000000000,FALSE,24
040000008200E00074C5B7101A82E00807E60C0A0C225123ACE2D7010000000000000000100000006B1061F14266C448936F870C3F5AE8411670630400,312,13,0,0,0,0,0,0,0,0,Canceled: No-meeting day,TRUE,TRUE,TRUE,1,13,0,0,14,10/12/2022 00:00,f8ed6de3-7463-3a45-bbf6-026bb89424c0,aecc65cc-4ffa-4f88-9469-805953a2f4e4,NA,America/Los_Angeles,Mgr+,US,InternalCollaborator,Human Resources,3,14,Executive,1,11/07/2012,12,Employee Group 12,Operations,WPAPUBLICDEMO.ONMICROSOFT.COM,654a4f57-5b27-63c5-a500-849df79cb3b8,TRUE,24
040000008200E00074C5B7101A82E00800000000A57323A7FC06D901000000000000000010000000EBA7A28DE02996478A1D4AB5A4FB7C811670864400,2,1,0,0,0,0,0,0,0,0,Focus time,FALSE,FALSE,FALSE,1,0,0,0,1,12/12/2022 17:00,889a5782-ce40-38b3-b44c-69953cf329b4,7c97a818-aa07-459d-a650-ebf352cce2f0,NA,America/Los_Angeles,Mgr+,US,InternalCollaborator,Finance-Corporate,5,14,Executive,1,30/05/2011,4,Employee Group 4,Finance,WPAPUBLICDEMO.ONMICROSOFT.COM,39124dce-a1e4-4bd0-b2d2-212a864cf67a,TRUE,2
040000008200E00074C5B7101A82E008000000009B4BFA35BB06D9010000000000000000100000007BCE64B7F44BDD479B16F12D447A9DD91670833800,2,1,0,0,0,0,0,0,0,0,Focus time,FALSE,FALSE,FALSE,1,0,0,0,1,12/12/2022 08:30,8e357da8-d9c2-3f2a-8b51-bac09377e49e,1c5f7232-c62f-419f-b58e-e0b99525509c,NA,America/Los_Angeles,Mgr+,US,InternalCollaborator,Biz Dev,1,14,Executive,1,08/01/2015,1,Employee Group 1,Operations,WPAPUBLICDEMO.ONMICROSOFT.COM,3773d00d-aa7b-4327-983a-013e82842959,TRUE,2
040000008200E00074C5B7101A82E00800000000F258AAB2F106D9010000000000000000100000001768374439A0F54A82E00C80A8419C6D1670862600,2,1,0,0,0,0,0,0,0,0,Focus time,FALSE,FALSE,FALSE,1,0,0,0,1,12/12/2022 16:30,f8ed6de3-7463-3a45-bbf6-026bb89424c0,aecc65cc-4ffa-4f88-9469-805953a2f4e4,NA,America/Los_Angeles,Mgr+,US,InternalCollaborator,Human Resources,3,14,Executive,1,11/07/2012,12,Employee Group 12,Operations,WPAPUBLICDEMO.ONMICROSOFT.COM,654a4f57-5b27-63c5-a500-849df79cb3b8,TRUE,2
040000008200E00074C5B7101A82E00800000000DCAB50B59D07D901000000000000000010000000A2043F30FB1AAC498B173287B2772C641670862600,2,1,0,0,0,0,0,0,0,0,Focus time,FALSE,FALSE,FALSE,1,0,0,0,1,12/12/2022 16:30,7407a274-f08a-3d6e-b3d4-137129a17c8e,169bf493-7f54-4550-a9ef-83ecb313e5cf,NA,America/Los_Angeles,Mgr+,US,InternalCollaborator,Facilities,2,6,Director,2,01/09/2012,37,Employee Group 37,Marketing,WPAPUBLICDEMO.ONMICROSOFT.COM,0000000-0000-0000-0000-0000000000,FALSE,2
040000008200E00074C5B7101A82E008000000003220F8830D07D901000000000000000010000000E7DD1430E43BCA4F9122D0E37FA1A6781670862600,2,1,0,0,0,0,0,0,0,0,Focus time,FALSE,FALSE,FALSE,1,0,0,0,1,12/12/2022 16:30,9c2ad577-d3fc-3cd6-bce3-df7374b75360,0507a947-9f88-49a4-aa2c-6c0a6cbc3d99,NA,America/Los_Angeles,Mgr+,US,InternalCollaborator,Finance-West,0,14,Executive,1,20/04/2015,7,Employee Group 7,R_and_D,WPAPUBLICDEMO.ONMICROSOFT.COM,b486fa68-da53-61ad-a06f-4baa2000b826,TRUE,2
040000008200E00074C5B7101A82E00800000000E0F004B3F106D901000000000000000010000000612FC69424EECD47BC9014AAE61784FD1670949000,2,1,0,0,0,0,0,0,0,0,Focus time,FALSE,FALSE,FALSE,1,0,0,0,1,13/12/2022 16:30,f8ed6de3-7463-3a45-bbf6-026bb89424c0,aecc65cc-4ffa-4f88-9469-805953a2f4e4,NA,America/Los_Angeles,Mgr+,US,InternalCollaborator,Human Resources,3,14,Executive,1,11/07/2012,12,Employee Group 12,Operations,WPAPUBLICDEMO.ONMICROSOFT.COM,654a4f57-5b27-63c5-a500-849df79cb3b8,TRUE,2
040000008200E00074C5B7101A82E008000000003C839BB79D07D9010000000000000000100000003CB1452B6FB39941B0E3D6411FB351511670949000,2,1,0,0,0,0,0,0,0,0,Focus time,FALSE,FALSE,FALSE,1,0,0,0,1,13/12/2022 16:30,7407a274-f08a-3d6e-b3d4-137129a17c8e,169bf493-7f54-4550-a9ef-83ecb313e5cf,NA,America/Los_Angeles,Mgr+,US,InternalCollaborator,Facilities,2,6,Director,2,01/09/2012,37,Employee Group 37,Marketing,WPAPUBLICDEMO.ONMICROSOFT.COM,0000000-0000-0000-0000-0000000000,FALSE,2
040000008200E00074C5B7101A82E00800000000DE5C8B36BB06D901000000000000000010000000107D4C12CF8A8F4CAEC6F15F8706FF621670920200,2,1,0,0,0,0,0,0,0,0,Focus time,FALSE,FALSE,FALSE,1,0,0,0,1,13/12/2022 08:30,8e357da8-d9c2-3f2a-8b51-bac09377e49e,1c5f7232-c62f-419f-b58e-e0b99525509c,NA,America/Los_Angeles,Mgr+,US,InternalCollaborator,Biz Dev,1,14,Executive,1,08/01/2015,1,Employee Group 1,Operations,WPAPUBLICDEMO.ONMICROSOFT.COM,3773d00d-aa7b-4327-983a-013e82842959,TRUE,2
040000008200E00074C5B7101A82E00800000000ABDC78840D07D901000000000000000010000000EB50D423C634204C9EE585EB1F985AE51670949000,2,1,0,0,0,0,0,0,0,0,Focus time,FALSE,FALSE,FALSE,1,0,0,0,1,13/12/2022 16:30,9c2ad577-d3fc-3cd6-bce3-df7374b75360,0507a947-9f88-49a4-aa2c-6c0a6cbc3d99,NA,America/Los_Angeles,Mgr+,US,InternalCollaborator,Finance-West,0,14,Executive,1,20/04/2015,7,Employee Group 7,R_and_D,WPAPUBLICDEMO.ONMICROSOFT.COM,b486fa68-da53-61ad-a06f-4baa2000b826,TRUE,2
040000008200E00074C5B7101A82E00800000000BE8AA8840D07D901000000000000000010000000D5970B18A9E6CB40B53F1B7CBD52D6B31671035400,2,1,0,0,0,0,0,0,0,0,Focus time,FALSE,FALSE,FALSE,1,0,0,0,1,14/12/2022 16:30,9c2ad577-d3fc-3cd6-bce3-df7374b75360,0507a947-9f88-49a4-aa2c-6c0a6cbc3d99,NA,America/Los_Angeles,Mgr+,US,InternalCollaborator,Finance-West,0,14,Executive,1,20/04/2015,7,Employee Group 7,R_and_D,WPAPUBLICDEMO.ONMICROSOFT.COM,b486fa68-da53-61ad-a06f-4baa2000b826,TRUE,2
040000008200E00074C5B7101A82E00800000000FD152BB3F106D90100000000000000001000000043CE40AEB1A0E647B7D3E27EE78CD07E1671035400,2,1,0,0,0,0,0,0,0,0,Focus time,FALSE,FALSE,FALSE,1,0,0,0,1,14/12/2022 16:30,f8ed6de3-7463-3a45-bbf6-026bb89424c0,aecc65cc-4ffa-4f88-9469-805953a2f4e4,NA,America/Los_Angeles,Mgr+,US,InternalCollaborator,Human Resources,3,14,Executive,1,11/07/2012,12,Employee Group 12,Operations,WPAPUBLICDEMO.ONMICROSOFT.COM,654a4f57-5b27-63c5-a500-849df79cb3b8,TRUE,2
040000008200E00074C5B7101A82E0080000000081D7FFB79D07D9010000000000000000100000000A6613B5DE99E94A8B40FBD449E52ACC1671035400,2,1,0,0,0,0,0,0,0,0,Focus time,FALSE,FALSE,FALSE,1,0,0,0,1,14/12/2022 16:30,7407a274-f08a-3d6e-b3d4-137129a17c8e,169bf493-7f54-4550-a9ef-83ecb313e5cf,NA,America/Los_Angeles,Mgr+,US,InternalCollaborator,Facilities,2,6,Director,2,01/09/2012,37,Employee Group 37,Marketing,WPAPUBLICDEMO.ONMICROSOFT.COM,0000000-0000-0000-0000-0000000000,FALSE,2
040000008200E00074C5B7101A82E0080000000085D75CA7FC06D9010000000000000000100000001C9D58F6C7104D47ACED0486898E514D1671037200,2,1,0,0,0,0,0,0,0,0,Focus time,FALSE,FALSE,FALSE,1,0,0,0,1,14/12/2022 17:00,889a5782-ce40-38b3-b44c-69953cf329b4,7c97a818-aa07-459d-a650-ebf352cce2f0,NA,America/Los_Angeles,Mgr+,US,InternalCollaborator,Finance-Corporate,5,14,Executive,1,30/05/2011,4,Employee Group 4,Finance,WPAPUBLICDEMO.ONMICROSOFT.COM,39124dce-a1e4-4bd0-b2d2-212a864cf67a,TRUE,2
040000008200E00074C5B7101A82E00807E60C0E188C62D41F02D8010000000000000000100000003BA3EF0A9CC56140B760EA9AD1B0971B1670976000,408,17,0,0,0,0,0,0,0,0,Canceled: No-meeting day,TRUE,TRUE,TRUE,1,17,0,0,18,14/12/2022 00:00,889a5782-ce40-38b3-b44c-69953cf329b4,7c97a818-aa07-459d-a650-ebf352cce2f0,NA,America/Los_Angeles,Mgr+,US,InternalCollaborator,Finance-Corporate,5,14,Executive,1,30/05/2011,4,Employee Group 4,Finance,WPAPUBLICDEMO.ONMICROSOFT.COM,39124dce-a1e4-4bd0-b2d2-212a864cf67a,TRUE,24
040000008200E00074C5B7101A82E008000000000E04C036BB06D901000000000000000010000000CE741C5A2597AB449F5C2DFABD712D8C1671006600,2,1,0,0,0,0,0,0,0,0,Focus time,FALSE,FALSE,FALSE,1,0,0,0,1,14/12/2022 08:30,8e357da8-d9c2-3f2a-8b51-bac09377e49e,1c5f7232-c62f-419f-b58e-e0b99525509c,NA,America/Los_Angeles,Mgr+,US,InternalCollaborator,Biz Dev,1,14,Executive,1,08/01/2015,1,Employee Group 1,Operations,WPAPUBLICDEMO.ONMICROSOFT.COM,3773d00d-aa7b-4327-983a-013e82842959,TRUE,2
040000008200E00074C5B7101A82E008000000008A4EED36BB06D901000000000000000010000000BBD3B4C385941E4992C270B49BDAA3701671093000,2,1,0,0,0,0,0,0,0,0,Focus time,FALSE,FALSE,FALSE,1,0,0,0,1,15/12/2022 08:30,8e357da8-d9c2-3f2a-8b51-bac09377e49e,1c5f7232-c62f-419f-b58e-e0b99525509c,NA,America/Los_Angeles,Mgr+,US,InternalCollaborator,Biz Dev,1,14,Executive,1,08/01/2015,1,Employee Group 1,Operations,WPAPUBLICDEMO.ONMICROSOFT.COM,3773d00d-aa7b-4327-983a-013e82842959,TRUE,2
040000008200E00074C5B7101A82E008000000008B4D64B3F106D9010000000000000000100000009D7BC0843B27EE4EA63517FE51CC432F1671121800,2,1,0,0,0,0,0,0,0,0,Focus time,FALSE,FALSE,FALSE,1,0,0,0,1,15/12/2022 16:30,f8ed6de3-7463-3a45-bbf6-026bb89424c0,aecc65cc-4ffa-4f88-9469-805953a2f4e4,NA,America/Los_Angeles,Mgr+,US,InternalCollaborator,Human Resources,3,14,Executive,1,11/07/2012,12,Employee Group 12,Operations,WPAPUBLICDEMO.ONMICROSOFT.COM,654a4f57-5b27-63c5-a500-849df79cb3b8,TRUE,2
040000008200E00074C5B7101A82E00807E60C0F2BE5955A2D24D801000000000000000010000000D87A0EA90A1288449B3C7F74B97FC42B1671062400,144,6,0,0,0,0,0,0,0,0,No-meeting day,TRUE,FALSE,TRUE,1,6,0,0,7,15/12/2022 00:00,bb097379-891f-3c7a-ab9b-bd723329dda5,44769754-9af5-4310-9007-c0ba986848d7,NA,America/Los_Angeles,Mgr+,US,InternalCollaborator,Biz Dev,0,6,Director,2,01/12/2013,17,Employee Group 17,Operations,WPAPUBLICDEMO.ONMICROSOFT.COM,3d7ed447-75a5-6488-a5d5-b45798a6fa17,TRUE,24
040000008200E00074C5B7101A82E00800000000AFAFCE840D07D90100000000000000001000000046C0AD80AF856041A81A07A6A7D788EE1671121800,2,1,0,0,0,0,0,0,0,0,Focus time,FALSE,FALSE,FALSE,1,0,0,0,1,15/12/2022 16:30,9c2ad577-d3fc-3cd6-bce3-df7374b75360,0507a947-9f88-49a4-aa2c-6c0a6cbc3d99,NA,America/Los_Angeles,Mgr+,US,InternalCollaborator,Finance-West,0,14,Executive,1,20/04/2015,7,Employee Group 7,R_and_D,WPAPUBLICDEMO.ONMICROSOFT.COM,b486fa68-da53-61ad-a06f-4baa2000b826,TRUE,2
040000008200E00074C5B7101A82E00800000000C04834B89D07D901000000000000000010000000D75244475485BA488BD3BB287DCE62CA1671121800,2,1,0,0,0,0,0,0,0,0,Focus time,FALSE,FALSE,FALSE,1,0,0,0,1,15/12/2022 16:30,7407a274-f08a-3d6e-b3d4-137129a17c8e,169bf493-7f54-4550-a9ef-83ecb313e5cf,NA,America/Los_Angeles,Mgr+,US,InternalCollaborator,Facilities,2,6,Director,2,01/09/2012,37,Employee Group 37,Marketing,WPAPUBLICDEMO.ONMICROSOFT.COM,0000000-0000-0000-0000-0000000000,FALSE,2
040000008200E00074C5B7101A82E00800000000A5D47BA7FC06D901000000000000000010000000EF4E93CBA03D024E82222125B4A99D991671210000,2,1,0,0,0,0,0,0,0,0,Focus time,FALSE,FALSE,FALSE,1,0,0,0,1,16/12/2022 17:00,889a5782-ce40-38b3-b44c-69953cf329b4,7c97a818-aa07-459d-a650-ebf352cce2f0,NA,America/Los_Angeles,Mgr+,US,InternalCollaborator,Finance-Corporate,5,14,Executive,1,30/05/2011,4,Employee Group 4,Finance,WPAPUBLICDEMO.ONMICROSOFT.COM,39124dce-a1e4-4bd0-b2d2-212a864cf67a,TRUE,2
040000008200E00074C5B7101A82E008000000007ED4F4840D07D9010000000000000000100000005003500485B4CC42931A63A6D51D2BE91671208200,2,1,0,0,0,0,0,0,0,0,Focus time,FALSE,FALSE,FALSE,1,0,0,0,1,16/12/2022 16:30,9c2ad577-d3fc-3cd6-bce3-df7374b75360,0507a947-9f88-49a4-aa2c-6c0a6cbc3d99,NA,America/Los_Angeles,Mgr+,US,InternalCollaborator,Finance-West,0,14,Executive,1,20/04/2015,7,Employee Group 7,R_and_D,WPAPUBLICDEMO.ONMICROSOFT.COM,b486fa68-da53-61ad-a06f-4baa2000b826,TRUE,2
040000008200E00074C5B7101A82E0080000000048721337BB06D9010000000000000000100000009F2F5FC03F0FCE459CFE59FA881C5A351671179400,2,1,0,0,0,0,0,0,0,0,Focus time,FALSE,FALSE,FALSE,1,0,0,0,1,16/12/2022 08:30,8e357da8-d9c2-3f2a-8b51-bac09377e49e,1c5f7232-c62f-419f-b58e-e0b99525509c,NA,America/Los_Angeles,Mgr+,US,InternalCollaborator,Biz Dev,1,14,Executive,1,08/01/2015,1,Employee Group 1,Operations,WPAPUBLICDEMO.ONMICROSOFT.COM,3773d00d-aa7b-4327-983a-013e82842959,TRUE,2
040000008200E00074C5B7101A82E0080000000082C098B3F106D9010000000000000000100000006961429A1B95E54292E59373E694A5781671208200,2,1,0,0,0,0,0,0,0,0,Focus time,FALSE,FALSE,FALSE,1,0,0,0,1,16/12/2022 16:30,f8ed6de3-7463-3a45-bbf6-026bb89424c0,aecc65cc-4ffa-4f88-9469-805953a2f4e4,NA,America/Los_Angeles,Mgr+,US,InternalCollaborator,Human Resources,3,14,Executive,1,11/07/2012,12,Employee Group 12,Operations,WPAPUBLICDEMO.ONMICROSOFT.COM,654a4f57-5b27-63c5-a500-849df79cb3b8,TRUE,2
040000008200E00074C5B7101A82E00800000000AE019DB89D07D9010000000000000000100000003E697C714A500F48B231423836E3CEFA1671208200,2,1,0,0,0,0,0,0,0,0,Focus time,FALSE,FALSE,FALSE,1,0,0,0,1,16/12/2022 16:30,7407a274-f08a-3d6e-b3d4-137129a17c8e,169bf493-7f54-4550-a9ef-83ecb313e5cf,NA,America/Los_Angeles,Mgr+,US,InternalCollaborator,Facilities,2,6,Director,2,01/09/2012,37,Employee Group 37,Marketing,WPAPUBLICDEMO.ONMICROSOFT.COM,0000000-0000-0000-0000-0000000000,FALSE,2
040000008200E00074C5B7101A82E00807E60C110C225123ACE2D7010000000000000000100000006B1061F14266C448936F870C3F5AE8411671235200,312,13,0,0,0,0,0,0,0,0,Canceled: No-meeting day,TRUE,TRUE,TRUE,1,13,0,0,14,17/12/2022 00:00,f8ed6de3-7463-3a45-bbf6-026bb89424c0,aecc65cc-4ffa-4f88-9469-805953a2f4e4,NA,America/Los_Angeles,Mgr+,US,InternalCollaborator,Human Resources,3,14,Executive,1,11/07/2012,12,Employee Group 12,Operations,WPAPUBLICDEMO.ONMICROSOFT.COM,654a4f57-5b27-63c5-a500-849df79cb3b8,TRUE,24
040000008200E00074C5B7101A82E00807E60C11A53A195AF3A3D801000000000000000010000000DA977C8D33EDA0459DA7F6CB2EAF35E31671235200,216,9,0,0,0,0,0,0,0,0,<U+7121><U+6703><U+8B70><U+65E5>,TRUE,FALSE,TRUE,1,10,0,0,11,17/12/2022 00:00,7407a274-f08a-3d6e-b3d4-137129a17c8e,169bf493-7f54-4550-a9ef-83ecb313e5cf,NA,America/Los_Angeles,Mgr+,US,InternalCollaborator,Facilities,2,6,Director,2,01/09/2012,37,Employee Group 37,Marketing,WPAPUBLICDEMO.ONMICROSOFT.COM,0000000-0000-0000-0000-0000000000,FALSE,24
040000008200E00074C5B7101A82E008000000002B619BC17B0CD9010000000000000000100000002414427B2261D042A0C9207D2751F2971671469200,2,1,0,0,0,0,0,0,0,0,Focus time,FALSE,FALSE,FALSE,1,0,0,0,1,19/12/2022 17:00,889a5782-ce40-38b3-b44c-69953cf329b4,7c97a818-aa07-459d-a650-ebf352cce2f0,NA,America/Los_Angeles,Mgr+,US,InternalCollaborator,Finance-Corporate,5,14,Executive,1,30/05/2011,4,Employee Group 4,Finance,WPAPUBLICDEMO.ONMICROSOFT.COM,39124dce-a1e4-4bd0-b2d2-212a864cf67a,TRUE,2
040000008200E00074C5B7101A82E008000000007B893E63780CD901000000000000000010000000693FBFD071F7D44C916C5EC14212EAEA1671467400,2,1,0,0,0,0,0,0,0,0,Focus time,FALSE,FALSE,FALSE,1,0,0,0,1,19/12/2022 16:30,9c2ad577-d3fc-3cd6-bce3-df7374b75360,0507a947-9f88-49a4-aa2c-6c0a6cbc3d99,NA,America/Los_Angeles,Mgr+,US,InternalCollaborator,Finance-West,0,14,Executive,1,20/04/2015,7,Employee Group 7,R_and_D,WPAPUBLICDEMO.ONMICROSOFT.COM,b486fa68-da53-61ad-a06f-4baa2000b826,TRUE,2
040000008200E00074C5B7101A82E00800000000CC34C55A890CD901000000000000000010000000473E18D27F1D7B4FAC05C19FBE40F1891671467400,2,1,0,0,0,0,0,0,0,0,Focus time,FALSE,FALSE,FALSE,1,0,0,0,1,19/12/2022 16:30,f8ed6de3-7463-3a45-bbf6-026bb89424c0,aecc65cc-4ffa-4f88-9469-805953a2f4e4,NA,America/Los_Angeles,Mgr+,US,InternalCollaborator,Human Resources,3,14,Executive,1,11/07/2012,12,Employee Group 12,Operations,WPAPUBLICDEMO.ONMICROSOFT.COM,654a4f57-5b27-63c5-a500-849df79cb3b8,TRUE,2
040000008200E00074C5B7101A82E00800000000EB986DE13A0CD901000000000000000010000000903A98A71CE1A645A670E19FA1A31CD71671438600,2,1,0,0,0,0,0,0,0,0,Focus time,FALSE,FALSE,FALSE,1,0,0,0,1,19/12/2022 08:30,8e357da8-d9c2-3f2a-8b51-bac09377e49e,1c5f7232-c62f-419f-b58e-e0b99525509c,NA,America/Los_Angeles,Mgr+,US,InternalCollaborator,Biz Dev,1,14,Executive,1,08/01/2015,1,Employee Group 1,Operations,WPAPUBLICDEMO.ONMICROSOFT.COM,3773d00d-aa7b-4327-983a-013e82842959,TRUE,2
040000008200E00074C5B7101A82E00800000000C689B65C880CD901000000000000000010000000DC8068212DEE124196745C7A3AB267761671467400,2,1,0,0,0,0,0,0,0,0,Focus time,FALSE,FALSE,FALSE,1,0,0,0,1,19/12/2022 16:30,7407a274-f08a-3d6e-b3d4-137129a17c8e,169bf493-7f54-4550-a9ef-83ecb313e5cf,NA,America/Los_Angeles,Mgr+,US,InternalCollaborator,Facilities,2,6,Director,2,01/09/2012,37,Employee Group 37,Marketing,WPAPUBLICDEMO.ONMICROSOFT.COM,0000000-0000-0000-0000-0000000000,FALSE,2
040000008200E00074C5B7101A82E008000000005CC1D95B890CD9010000000000000000100000007D8911D68987854FBD636110062F80BA1671553800,2,1,0,0,0,0,0,0,0,0,Focus time,FALSE,FALSE,FALSE,1,0,0,0,1,20/12/2022 16:30,f8ed6de3-7463-3a45-bbf6-026bb89424c0,aecc65cc-4ffa-4f88-9469-805953a2f4e4,NA,America/Los_Angeles,Mgr+,US,InternalCollaborator,Human Resources,3,14,Executive,1,11/07/2012,12,Employee Group 12,Operations,WPAPUBLICDEMO.ONMICROSOFT.COM,654a4f57-5b27-63c5-a500-849df79cb3b8,TRUE,2
040000008200E00074C5B7101A82E008000000009242BCE13A0CD9010000000000000000100000009F6DD878F356184A97D85F7BC38E6DCB1671525000,2,1,0,0,0,0,0,0,0,0,Focus time,FALSE,FALSE,FALSE,1,0,0,0,1,20/12/2022 08:30,8e357da8-d9c2-3f2a-8b51-bac09377e49e,1c5f7232-c62f-419f-b58e-e0b99525509c,NA,America/Los_Angeles,Mgr+,US,InternalCollaborator,Biz Dev,1,14,Executive,1,08/01/2015,1,Employee Group 1,Operations,WPAPUBLICDEMO.ONMICROSOFT.COM,3773d00d-aa7b-4327-983a-013e82842959,TRUE,2
040000008200E00074C5B7101A82E0080000000006718863780CD901000000000000000010000000AA73C7E64959364D886AC7F883532D961671553800,2,1,0,0,0,0,0,0,0,0,Focus time,FALSE,FALSE,FALSE,1,0,0,0,1,20/12/2022 16:30,9c2ad577-d3fc-3cd6-bce3-df7374b75360,0507a947-9f88-49a4-aa2c-6c0a6cbc3d99,NA,America/Los_Angeles,Mgr+,US,InternalCollaborator,Finance-West,0,14,Executive,1,20/04/2015,7,Employee Group 7,R_and_D,WPAPUBLICDEMO.ONMICROSOFT.COM,b486fa68-da53-61ad-a06f-4baa2000b826,TRUE,2
040000008200E00074C5B7101A82E00800000000D32FF45C880CD901000000000000000010000000F52A49A9003EA54C9B7DBC5B708F80731671553800,2,1,0,0,0,0,0,0,0,0,Focus time,FALSE,FALSE,FALSE,1,0,0,0,1,20/12/2022 16:30,7407a274-f08a-3d6e-b3d4-137129a17c8e,169bf493-7f54-4550-a9ef-83ecb313e5cf,NA,America/Los_Angeles,Mgr+,US,InternalCollaborator,Facilities,2,6,Director,2,01/09/2012,37,Employee Group 37,Marketing,WPAPUBLICDEMO.ONMICROSOFT.COM,0000000-0000-0000-0000-0000000000,FALSE,2
040000008200E00074C5B7101A82E0080000000040181F5D880CD9010000000000000000100000002E22EC0538ABC44CB2F1A8040FE5D0B31671640200,2,1,0,0,0,0,0,0,0,0,Focus time,FALSE,FALSE,FALSE,1,0,0,0,1,21/12/2022 16:30,7407a274-f08a-3d6e-b3d4-137129a17c8e,169bf493-7f54-4550-a9ef-83ecb313e5cf,NA,America/Los_Angeles,Mgr+,US,InternalCollaborator,Facilities,2,6,Director,2,01/09/2012,37,Employee Group 37,Marketing,WPAPUBLICDEMO.ONMICROSOFT.COM,0000000-0000-0000-0000-0000000000,FALSE,2
040000008200E00074C5B7101A82E00800000000FBAA045C890CD901000000000000000010000000FFF9B3B1B25F4440B5E7E9379CA22DC61671640200,2,1,0,0,0,0,0,0,0,0,Focus time,FALSE,FALSE,FALSE,1,0,0,0,1,21/12/2022 16:30,f8ed6de3-7463-3a45-bbf6-026bb89424c0,aecc65cc-4ffa-4f88-9469-805953a2f4e4,NA,America/Los_Angeles,Mgr+,US,InternalCollaborator,Human Resources,3,14,Executive,1,11/07/2012,12,Employee Group 12,Operations,WPAPUBLICDEMO.ONMICROSOFT.COM,654a4f57-5b27-63c5-a500-849df79cb3b8,TRUE,2
040000008200E00074C5B7101A82E00800000000E946E5C17B0CD9010000000000000000100000001049B83707C26248BAF97A078BD261201671642000,2,1,0,0,0,0,0,0,0,0,Focus time,FALSE,FALSE,FALSE,1,0,0,0,1,21/12/2022 17:00,889a5782-ce40-38b3-b44c-69953cf329b4,7c97a818-aa07-459d-a650-ebf352cce2f0,NA,America/Los_Angeles,Mgr+,US,InternalCollaborator,Finance-Corporate,5,14,Executive,1,30/05/2011,4,Employee Group 4,Finance,WPAPUBLICDEMO.ONMICROSOFT.COM,39124dce-a1e4-4bd0-b2d2-212a864cf67a,TRUE,2
040000008200E00074C5B7101A82E00800000000E995AE63780CD9010000000000000000100000003A8012FA02043446A8F7622D9236CABF1671640200,2,1,0,0,0,0,0,0,0,0,Focus time,FALSE,FALSE,FALSE,1,0,0,0,1,21/12/2022 16:30,9c2ad577-d3fc-3cd6-bce3-df7374b75360,0507a947-9f88-49a4-aa2c-6c0a6cbc3d99,NA,America/Los_Angeles,Mgr+,US,InternalCollaborator,Finance-West,0,14,Executive,1,20/04/2015,7,Employee Group 7,R_and_D,WPAPUBLICDEMO.ONMICROSOFT.COM,b486fa68-da53-61ad-a06f-4baa2000b826,TRUE,2
040000008200E00074C5B7101A82E00807E60C15188C62D41F02D8010000000000000000100000003BA3EF0A9CC56140B760EA9AD1B0971B1671580800,408,17,0,0,0,0,0,0,0,0,Canceled: No-meeting day,TRUE,TRUE,TRUE,1,17,0,0,18,21/12/2022 00:00,889a5782-ce40-38b3-b44c-69953cf329b4,7c97a818-aa07-459d-a650-ebf352cce2f0,NA,America/Los_Angeles,Mgr+,US,InternalCollaborator,Finance-Corporate,5,14,Executive,1,30/05/2011,4,Employee Group 4,Finance,WPAPUBLICDEMO.ONMICROSOFT.COM,39124dce-a1e4-4bd0-b2d2-212a864cf67a,TRUE,24
040000008200E00074C5B7101A82E008000000004D37FFE13A0CD901000000000000000010000000AA9E46610D7882479659F4EA00A4E6D41671611400,2,1,0,0,0,0,0,0,0,0,Focus time,FALSE,FALSE,FALSE,1,0,0,0,1,21/12/2022 08:30,8e357da8-d9c2-3f2a-8b51-bac09377e49e,1c5f7232-c62f-419f-b58e-e0b99525509c,NA,America/Los_Angeles,Mgr+,US,InternalCollaborator,Biz Dev,1,14,Executive,1,08/01/2015,1,Employee Group 1,Operations,WPAPUBLICDEMO.ONMICROSOFT.COM,3773d00d-aa7b-4327-983a-013e82842959,TRUE,2
040000008200E00074C5B7101A82E00800000000CB6B475C890CD9010000000000000000100000002034C56B50FEF344AB186FA8833662A61671726600,2,1,0,0,0,0,0,0,0,0,Focus time,FALSE,FALSE,FALSE,1,0,0,0,1,22/12/2022 16:30,f8ed6de3-7463-3a45-bbf6-026bb89424c0,aecc65cc-4ffa-4f88-9469-805953a2f4e4,NA,America/Los_Angeles,Mgr+,US,InternalCollaborator,Human Resources,3,14,Executive,1,11/07/2012,12,Employee Group 12,Operations,WPAPUBLICDEMO.ONMICROSOFT.COM,654a4f57-5b27-63c5-a500-849df79cb3b8,TRUE,2
040000008200E00074C5B7101A82E0080000000040D9475D880CD90100000000000000001000000064E7A6A6FC73794090EFA169614534EB1671726600,2,1,0,0,0,0,0,0,0,0,Focus time,FALSE,FALSE,FALSE,1,0,0,0,1,22/12/2022 16:30,7407a274-f08a-3d6e-b3d4-137129a17c8e,169bf493-7f54-4550-a9ef-83ecb313e5cf,NA,America/Los_Angeles,Mgr+,US,InternalCollaborator,Facilities,2,6,Director,2,01/09/2012,37,Employee Group 37,Marketing,WPAPUBLICDEMO.ONMICROSOFT.COM,0000000-0000-0000-0000-0000000000,FALSE,2
040000008200E00074C5B7101A82E00800000000D7F822E23A0CD9010000000000000000100000004875A5219104AD448B43E89A004FA72D1671697800,2,1,0,0,0,0,0,0,0,0,Focus time,FALSE,FALSE,FALSE,1,0,0,0,1,22/12/2022 08:30,8e357da8-d9c2-3f2a-8b51-bac09377e49e,1c5f7232-c62f-419f-b58e-e0b99525509c,NA,America/Los_Angeles,Mgr+,US,InternalCollaborator,Biz Dev,1,14,Executive,1,08/01/2015,1,Employee Group 1,Operations,WPAPUBLICDEMO.ONMICROSOFT.COM,3773d00d-aa7b-4327-983a-013e82842959,TRUE,2
040000008200E00074C5B7101A82E008000000006F7FD963780CD9010000000000000000100000009A0312616E534E42AD4845EF8669989E1671726600,2,1,0,0,0,0,0,0,0,0,Focus time,FALSE,FALSE,FALSE,1,0,0,0,1,22/12/2022 16:30,9c2ad577-d3fc-3cd6-bce3-df7374b75360,0507a947-9f88-49a4-aa2c-6c0a6cbc3d99,NA,America/Los_Angeles,Mgr+,US,InternalCollaborator,Finance-West,0,14,Executive,1,20/04/2015,7,Employee Group 7,R_and_D,WPAPUBLICDEMO.ONMICROSOFT.COM,b486fa68-da53-61ad-a06f-4baa2000b826,TRUE,2
040000008200E00074C5B7101A82E00807E60C162BE5955A2D24D801000000000000000010000000D87A0EA90A1288449B3C7F74B97FC42B1671667200,144,6,0,0,0,0,0,0,0,0,No-meeting day,TRUE,FALSE,TRUE,1,6,0,0,7,22/12/2022 00:00,bb097379-891f-3c7a-ab9b-bd723329dda5,44769754-9af5-4310-9007-c0ba986848d7,NA,America/Los_Angeles,Mgr+,US,InternalCollaborator,Biz Dev,0,6,Director,2,01/12/2013,17,Employee Group 17,Operations,WPAPUBLICDEMO.ONMICROSOFT.COM,3d7ed447-75a5-6488-a5d5-b45798a6fa17,TRUE,24
040000008200E00074C5B7101A82E00800000000D9F541E23A0CD90100000000000000001000000057F3F2DF268ADC4B8268909B847BF3271671784200,2,1,0,0,0,0,0,0,0,0,Focus time,FALSE,FALSE,FALSE,1,0,0,0,1,23/12/2022 08:30,8e357da8-d9c2-3f2a-8b51-bac09377e49e,1c5f7232-c62f-419f-b58e-e0b99525509c,NA,America/Los_Angeles,Mgr+,US,InternalCollaborator,Biz Dev,1,14,Executive,1,08/01/2015,1,Employee Group 1,Operations,WPAPUBLICDEMO.ONMICROSOFT.COM,3773d00d-aa7b-4327-983a-013e82842959,TRUE,2
040000008200E00074C5B7101A82E0080000000036CE0DC27B0CD9010000000000000000100000007949BF2D4E27C247BAC3BC4B4CF2DB7D1671814800,2,1,0,0,0,0,0,0,0,0,Focus time,FALSE,FALSE,FALSE,1,0,0,0,1,23/12/2022 17:00,889a5782-ce40-38b3-b44c-69953cf329b4,7c97a818-aa07-459d-a650-ebf352cce2f0,NA,America/Los_Angeles,Mgr+,US,InternalCollaborator,Finance-Corporate,5,14,Executive,1,30/05/2011,4,Employee Group 4,Finance,WPAPUBLICDEMO.ONMICROSOFT.COM,39124dce-a1e4-4bd0-b2d2-212a864cf67a,TRUE,2
040000008200E00074C5B7101A82E00800000000922E6B5C890CD9010000000000000000100000001FBB6A48692F8949BA3963949F708C4A1671813000,2,1,0,0,0,0,0,0,0,0,Focus time,FALSE,FALSE,FALSE,1,0,0,0,1,23/12/2022 16:30,f8ed6de3-7463-3a45-bbf6-026bb89424c0,aecc65cc-4ffa-4f88-9469-805953a2f4e4,NA,America/Los_Angeles,Mgr+,US,InternalCollaborator,Human Resources,3,14,Executive,1,11/07/2012,12,Employee Group 12,Operations,WPAPUBLICDEMO.ONMICROSOFT.COM,654a4f57-5b27-63c5-a500-849df79cb3b8,TRUE,2
040000008200E00074C5B7101A82E00800000000DE8F0B64780CD9010000000000000000100000005A9017D16F8E494DBCF000A040D6BF9C1671813000,2,1,0,0,0,0,0,0,0,0,Focus time,FALSE,FALSE,FALSE,1,0,0,0,1,23/12/2022 16:30,9c2ad577-d3fc-3cd6-bce3-df7374b75360,0507a947-9f88-49a4-aa2c-6c0a6cbc3d99,NA,America/Los_Angeles,Mgr+,US,InternalCollaborator,Finance-West,0,14,Executive,1,20/04/2015,7,Employee Group 7,R_and_D,WPAPUBLICDEMO.ONMICROSOFT.COM,b486fa68-da53-61ad-a06f-4baa2000b826,TRUE,2
040000008200E00074C5B7101A82E00800000000BA38695D880CD90100000000000000001000000018761E8A36389040B75F92C11C06C68E1671813000,2,1,0,0,0,0,0,0,0,0,Focus time,FALSE,FALSE,FALSE,1,0,0,0,1,23/12/2022 16:30,7407a274-f08a-3d6e-b3d4-137129a17c8e,169bf493-7f54-4550-a9ef-83ecb313e5cf,NA,America/Los_Angeles,Mgr+,US,InternalCollaborator,Facilities,2,6,Director,2,01/09/2012,37,Employee Group 37,Marketing,WPAPUBLICDEMO.ONMICROSOFT.COM,0000000-0000-0000-0000-0000000000,FALSE,2
040000008200E00074C5B7101A82E00807E60C18A53A195AF3A3D801000000000000000010000000DA977C8D33EDA0459DA7F6CB2EAF35E31671840000,216,9,0,0,0,0,0,0,0,0,<U+7121><U+6703><U+8B70><U+65E5>,TRUE,FALSE,TRUE,1,10,0,0,11,24/12/2022 00:00,7407a274-f08a-3d6e-b3d4-137129a17c8e,169bf493-7f54-4550-a9ef-83ecb313e5cf,NA,America/Los_Angeles,Mgr+,US,InternalCollaborator,Facilities,2,6,Director,2,01/09/2012,37,Employee Group 37,Marketing,WPAPUBLICDEMO.ONMICROSOFT.COM,0000000-0000-0000-0000-0000000000,FALSE,24
040000008200E00074C5B7101A82E00807E60C180C225123ACE2D7010000000000000000100000006B1061F14266C448936F870C3F5AE8411671840000,312,13,0,0,0,0,0,0,0,0,Canceled: No-meeting day,TRUE,TRUE,TRUE,1,13,0,0,14,24/12/2022 00:00,f8ed6de3-7463-3a45-bbf6-026bb89424c0,aecc65cc-4ffa-4f88-9469-805953a2f4e4,NA,America/Los_Angeles,Mgr+,US,InternalCollaborator,Human Resources,3,14,Executive,1,11/07/2012,12,Employee Group 12,Operations,WPAPUBLICDEMO.ONMICROSOFT.COM,654a4f57-5b27-63c5-a500-849df79cb3b8,TRUE,24
040000008200E00074C5B7101A82E00800000000B14BAFD2AA11D9010000000000000000100000002CFB97F05A674145BCA2F81C534768CD1672043400,2,1,0,0,0,0,0,0,0,0,Focus time,FALSE,FALSE,FALSE,1,0,0,0,1,26/12/2022 08:30,8e357da8-d9c2-3f2a-8b51-bac09377e49e,1c5f7232-c62f-419f-b58e-e0b99525509c,NA,America/Los_Angeles,Mgr+,US,InternalCollaborator,Biz Dev,1,14,Executive,1,08/01/2015,1,Employee Group 1,Operations,WPAPUBLICDEMO.ONMICROSOFT.COM,3773d00d-aa7b-4327-983a-013e82842959,TRUE,2
040000008200E00074C5B7101A82E00800000000324CFCAF0412D901000000000000000010000000739F2F1410F90C4EB48DD293414A1FEC1672072200,2,1,0,0,0,0,0,0,0,0,Focus time,FALSE,FALSE,FALSE,1,0,0,0,1,26/12/2022 16:30,f8ed6de3-7463-3a45-bbf6-026bb89424c0,aecc65cc-4ffa-4f88-9469-805953a2f4e4,NA,America/Los_Angeles,Mgr+,US,InternalCollaborator,Human Resources,3,14,Executive,1,11/07/2012,12,Employee Group 12,Operations,WPAPUBLICDEMO.ONMICROSOFT.COM,654a4f57-5b27-63c5-a500-849df79cb3b8,TRUE,2
040000008200E00074C5B7101A82E00800000000C0989D46F111D90100000000000000001000000015B1B921A7375344BB43F166B25510AB1672074000,2,1,0,0,0,0,0,0,0,0,Focus time,FALSE,FALSE,FALSE,1,0,0,0,1,26/12/2022 17:00,889a5782-ce40-38b3-b44c-69953cf329b4,7c97a818-aa07-459d-a650-ebf352cce2f0,NA,America/Los_Angeles,Mgr+,US,InternalCollaborator,Finance-Corporate,5,14,Executive,1,30/05/2011,4,Employee Group 4,Finance,WPAPUBLICDEMO.ONMICROSOFT.COM,39124dce-a1e4-4bd0-b2d2-212a864cf67a,TRUE,2
040000008200E00074C5B7101A82E0080000000087C61258F611D901000000000000000010000000C99EDF345A6C7E4E87CACC155C5A1C5B1672072200,2,1,0,0,0,0,0,0,0,0,Focus time,FALSE,FALSE,FALSE,1,0,0,0,1,26/12/2022 16:30,7407a274-f08a-3d6e-b3d4-137129a17c8e,169bf493-7f54-4550-a9ef-83ecb313e5cf,NA,America/Los_Angeles,Mgr+,US,InternalCollaborator,Facilities,2,6,Director,2,01/09/2012,37,Employee Group 37,Marketing,WPAPUBLICDEMO.ONMICROSOFT.COM,0000000-0000-0000-0000-0000000000,FALSE,2
040000008200E00074C5B7101A82E00800000000839300D3AA11D90100000000000000001000000027E037106E5F994780C6683F8EAE74F51672129800,2,1,0,0,0,0,0,0,0,0,Focus time,FALSE,FALSE,FALSE,1,0,0,0,1,27/12/2022 08:30,8e357da8-d9c2-3f2a-8b51-bac09377e49e,1c5f7232-c62f-419f-b58e-e0b99525509c,NA,America/Los_Angeles,Mgr+,US,InternalCollaborator,Biz Dev,1,14,Executive,1,08/01/2015,1,Employee Group 1,Operations,WPAPUBLICDEMO.ONMICROSOFT.COM,3773d00d-aa7b-4327-983a-013e82842959,TRUE,2
040000008200E00074C5B7101A82E0080000000000AC5C58F611D9010000000000000000100000006AAA511C57A0854E80678F9D378B46671672158600,2,1,0,0,0,0,0,0,0,0,Focus time,FALSE,FALSE,FALSE,1,0,0,0,1,27/12/2022 16:30,7407a274-f08a-3d6e-b3d4-137129a17c8e,169bf493-7f54-4550-a9ef-83ecb313e5cf,NA,America/Los_Angeles,Mgr+,US,InternalCollaborator,Facilities,2,6,Director,2,01/09/2012,37,Employee Group 37,Marketing,WPAPUBLICDEMO.ONMICROSOFT.COM,0000000-0000-0000-0000-0000000000,FALSE,2
040000008200E00074C5B7101A82E0080000000079FA2BB00412D9010000000000000000100000006CD00217554D7649A3D44E7EDF2A1F311672158600,2,1,0,0,0,0,0,0,0,0,Focus time,FALSE,FALSE,FALSE,1,0,0,0,1,27/12/2022 16:30,f8ed6de3-7463-3a45-bbf6-026bb89424c0,aecc65cc-4ffa-4f88-9469-805953a2f4e4,NA,America/Los_Angeles,Mgr+,US,InternalCollaborator,Human Resources,3,14,Executive,1,11/07/2012,12,Employee Group 12,Operations,WPAPUBLICDEMO.ONMICROSOFT.COM,654a4f57-5b27-63c5-a500-849df79cb3b8,TRUE,2
040000008200E00074C5B7101A82E008000000005B0B7E58F611D9010000000000000000100000000705C9280BC24A46BD4C290294094F4B1672245000,2,1,0,0,0,0,0,0,0,0,Focus time,FALSE,FALSE,FALSE,1,0,0,0,1,28/12/2022 16:30,7407a274-f08a-3d6e-b3d4-137129a17c8e,169bf493-7f54-4550-a9ef-83ecb313e5cf,NA,America/Los_Angeles,Mgr+,US,InternalCollaborator,Facilities,2,6,Director,2,01/09/2012,37,Employee Group 37,Marketing,WPAPUBLICDEMO.ONMICROSOFT.COM,0000000-0000-0000-0000-0000000000,FALSE,2
040000008200E00074C5B7101A82E00800000000D78154B00412D90100000000000000001000000022057B12FF390E4DA2BE68217D37BE251672245000,2,1,0,0,0,0,0,0,0,0,Focus time,FALSE,FALSE,FALSE,1,0,0,0,1,28/12/2022 16:30,f8ed6de3-7463-3a45-bbf6-026bb89424c0,aecc65cc-4ffa-4f88-9469-805953a2f4e4,NA,America/Los_Angeles,Mgr+,US,InternalCollaborator,Human Resources,3,14,Executive,1,11/07/2012,12,Employee Group 12,Operations,WPAPUBLICDEMO.ONMICROSOFT.COM,654a4f57-5b27-63c5-a500-849df79cb3b8,TRUE,2
040000008200E00074C5B7101A82E00800000000702C1DD3AA11D9010000000000000000100000008CADA2A89D3D0D4ABE7FF4AEE40266FE1672216200,2,1,0,0,0,0,0,0,0,0,Focus time,FALSE,FALSE,FALSE,1,0,0,0,1,28/12/2022 08:30,8e357da8-d9c2-3f2a-8b51-bac09377e49e,1c5f7232-c62f-419f-b58e-e0b99525509c,NA,America/Los_Angeles,Mgr+,US,InternalCollaborator,Biz Dev,1,14,Executive,1,08/01/2015,1,Employee Group 1,Operations,WPAPUBLICDEMO.ONMICROSOFT.COM,3773d00d-aa7b-4327-983a-013e82842959,TRUE,2
040000008200E00074C5B7101A82E0080000000094B9E246F111D901000000000000000010000000BFFA3409DAAA754FBF511E75753D48E21672246800,2,1,0,0,0,0,0,0,0,0,Focus time,FALSE,FALSE,FALSE,1,0,0,0,1,28/12/2022 17:00,889a5782-ce40-38b3-b44c-69953cf329b4,7c97a818-aa07-459d-a650-ebf352cce2f0,NA,America/Los_Angeles,Mgr+,US,InternalCollaborator,Finance-Corporate,5,14,Executive,1,30/05/2011,4,Employee Group 4,Finance,WPAPUBLICDEMO.ONMICROSOFT.COM,39124dce-a1e4-4bd0-b2d2-212a864cf67a,TRUE,2
040000008200E00074C5B7101A82E00807E60C1C188C62D41F02D8010000000000000000100000003BA3EF0A9CC56140B760EA9AD1B0971B1672185600,408,17,0,0,0,0,0,0,0,0,Canceled: No-meeting day,TRUE,TRUE,TRUE,1,17,0,0,18,28/12/2022 00:00,889a5782-ce40-38b3-b44c-69953cf329b4,7c97a818-aa07-459d-a650-ebf352cce2f0,NA,America/Los_Angeles,Mgr+,US,InternalCollaborator,Finance-Corporate,5,14,Executive,1,30/05/2011,4,Employee Group 4,Finance,WPAPUBLICDEMO.ONMICROSOFT.COM,39124dce-a1e4-4bd0-b2d2-212a864cf67a,TRUE,24
040000008200E00074C5B7101A82E00800000000762A7A74511BD901000000000000000010000000EC870B1B745F184A917B110DED818F261672331400,2,1,0,0,0,0,0,0,0,0,Focus time,FALSE,FALSE,FALSE,1,0,0,0,1,29/12/2022 16:30,f8ed6de3-7463-3a45-bbf6-026bb89424c0,aecc65cc-4ffa-4f88-9469-805953a2f4e4,NA,America/Los_Angeles,Mgr+,US,InternalCollaborator,Human Resources,3,14,Executive,1,11/07/2012,12,Employee Group 12,Operations,WPAPUBLICDEMO.ONMICROSOFT.COM,654a4f57-5b27-63c5-a500-849df79cb3b8,TRUE,2
040000008200E00074C5B7101A82E00807E60C1D2BE5955A2D24D801000000000000000010000000D87A0EA90A1288449B3C7F74B97FC42B1672272000,144,6,0,0,0,0,0,0,0,0,No-meeting day,TRUE,FALSE,TRUE,1,6,0,0,7,29/12/2022 00:00,bb097379-891f-3c7a-ab9b-bd723329dda5,44769754-9af5-4310-9007-c0ba986848d7,NA,America/Los_Angeles,Mgr+,US,InternalCollaborator,Biz Dev,0,6,Director,2,01/12/2013,17,Employee Group 17,Operations,WPAPUBLICDEMO.ONMICROSOFT.COM,3d7ed447-75a5-6488-a5d5-b45798a6fa17,TRUE,24
040000008200E00074C5B7101A82E00800000000DCC839D3AA11D901000000000000000010000000FC88467F21655F4BA9F9365711C990421672302600,2,1,0,0,0,0,0,0,0,0,Focus time,FALSE,FALSE,FALSE,1,0,0,0,1,29/12/2022 08:30,8e357da8-d9c2-3f2a-8b51-bac09377e49e,1c5f7232-c62f-419f-b58e-e0b99525509c,NA,America/Los_Angeles,Mgr+,US,InternalCollaborator,Biz Dev,1,14,Executive,1,08/01/2015,1,Employee Group 1,Operations,WPAPUBLICDEMO.ONMICROSOFT.COM,3773d00d-aa7b-4327-983a-013e82842959,TRUE,2
040000008200E00074C5B7101A82E00800000000A8F3A858F611D9010000000000000000100000006AC25B7DFE1B0C41B401EFD3617B22351672331400,2,1,0,0,0,0,0,0,0,0,Focus time,FALSE,FALSE,FALSE,1,0,0,0,1,29/12/2022 16:30,7407a274-f08a-3d6e-b3d4-137129a17c8e,169bf493-7f54-4550-a9ef-83ecb313e5cf,NA,America/Los_Angeles,Mgr+,US,InternalCollaborator,Facilities,2,6,Director,2,01/09/2012,37,Employee Group 37,Marketing,WPAPUBLICDEMO.ONMICROSOFT.COM,0000000-0000-0000-0000-0000000000,FALSE,2
040000008200E00074C5B7101A82E008000000001B62B374511BD90100000000000000001000000025369E8DAE7CD547BD45292FF7336ACB1672417800,2,1,0,0,0,0,0,0,0,0,Focus time,FALSE,FALSE,FALSE,1,0,0,0,1,30/12/2022 16:30,f8ed6de3-7463-3a45-bbf6-026bb89424c0,aecc65cc-4ffa-4f88-9469-805953a2f4e4,NA,America/Los_Angeles,Mgr+,US,InternalCollaborator,Human Resources,3,14,Executive,1,11/07/2012,12,Employee Group 12,Operations,WPAPUBLICDEMO.ONMICROSOFT.COM,654a4f57-5b27-63c5-a500-849df79cb3b8,TRUE,2
040000008200E00074C5B7101A82E0080000000005991247F111D901000000000000000010000000F7413A0D8333E843A24FE19FBD19EACB1672419600,2,1,0,0,0,0,0,0,0,0,Focus time,FALSE,FALSE,FALSE,1,0,0,0,1,30/12/2022 17:00,889a5782-ce40-38b3-b44c-69953cf329b4,7c97a818-aa07-459d-a650-ebf352cce2f0,NA,America/Los_Angeles,Mgr+,US,InternalCollaborator,Finance-Corporate,5,14,Executive,1,30/05/2011,4,Employee Group 4,Finance,WPAPUBLICDEMO.ONMICROSOFT.COM,39124dce-a1e4-4bd0-b2d2-212a864cf67a,TRUE,2
040000008200E00074C5B7101A82E00800000000BC885DD3AA11D9010000000000000000100000008A34CAC908F9D946A8DDE6FCA09699E91672389000,2,1,0,0,0,0,0,0,0,0,Focus time,FALSE,FALSE,FALSE,1,0,0,0,1,30/12/2022 08:30,8e357da8-d9c2-3f2a-8b51-bac09377e49e,1c5f7232-c62f-419f-b58e-e0b99525509c,NA,America/Los_Angeles,Mgr+,US,InternalCollaborator,Biz Dev,1,14,Executive,1,08/01/2015,1,Employee Group 1,Operations,WPAPUBLICDEMO.ONMICROSOFT.COM,3773d00d-aa7b-4327-983a-013e82842959,TRUE,2
040000008200E00074C5B7101A82E008000000001153CA58F611D9010000000000000000100000006771D56AFF2583489E59B769362A25BD1672417800,2,1,0,0,0,0,0,0,0,0,Focus time,FALSE,FALSE,FALSE,1,0,0,0,1,30/12/2022 16:30,7407a274-f08a-3d6e-b3d4-137129a17c8e,169bf493-7f54-4550-a9ef-83ecb313e5cf,NA,America/Los_Angeles,Mgr+,US,InternalCollaborator,Facilities,2,6,Director,2,01/09/2012,37,Employee Group 37,Marketing,WPAPUBLICDEMO.ONMICROSOFT.COM,0000000-0000-0000-0000-0000000000,FALSE,2
040000008200E00074C5B7101A82E00807E60C1FA53A195AF3A3D801000000000000000010000000DA977C8D33EDA0459DA7F6CB2EAF35E31672444800,216,9,0,0,0,0,0,0,0,0,<U+7121><U+6703><U+8B70><U+65E5>,TRUE,FALSE,TRUE,1,10,0,0,11,31/12/2022 00:00,7407a274-f08a-3d6e-b3d4-137129a17c8e,169bf493-7f54-4550-a9ef-83ecb313e5cf,NA,America/Los_Angeles,Mgr+,US,InternalCollaborator,Facilities,2,6,Director,2,01/09/2012,37,Employee Group 37,Marketing,WPAPUBLICDEMO.ONMICROSOFT.COM,0000000-0000-0000-0000-0000000000,FALSE,24
040000008200E00074C5B7101A82E00807E60C1F0C225123ACE2D7010000000000000000100000006B1061F14266C448936F870C3F5AE8411672444800,312,13,0,0,0,0,0,0,0,0,Canceled: No-meeting day,TRUE,TRUE,TRUE,1,13,0,0,14,31/12/2022 00:00,f8ed6de3-7463-3a45-bbf6-026bb89424c0,aecc65cc-4ffa-4f88-9469-805953a2f4e4,NA,America/Los_Angeles,Mgr+,US,InternalCollaborator,Human Resources,3,14,Executive,1,11/07/2012,12,Employee Group 12,Operations,WPAPUBLICDEMO.ONMICROSOFT.COM,654a4f57-5b27-63c5-a500-849df79cb3b8,TRUE,24
040000008200E00074C5B7101A82E00800000000F3353D327817D90100000000000000001000000001732418860BC7439D552DEF5AFD50041672678800,2,1,0,0,0,0,0,0,0,0,Focus time,FALSE,FALSE,FALSE,1,0,0,0,1,02/01/2023 17:00,889a5782-ce40-38b3-b44c-69953cf329b4,7c97a818-aa07-459d-a650-ebf352cce2f0,NA,America/Los_Angeles,Mgr+,US,InternalCollaborator,Finance-Corporate,5,14,Executive,1,30/05/2011,4,Employee Group 4,Finance,WPAPUBLICDEMO.ONMICROSOFT.COM,39124dce-a1e4-4bd0-b2d2-212a864cf67a,TRUE,2
040000008200E00074C5B7101A82E0080000000070C2D474511BD901000000000000000010000000C56B597A6D90614FBF4A1F06C6C00B3C1672677000,2,1,0,0,0,0,0,0,0,0,Focus time,FALSE,FALSE,FALSE,1,0,0,0,1,02/01/2023 16:30,f8ed6de3-7463-3a45-bbf6-026bb89424c0,aecc65cc-4ffa-4f88-9469-805953a2f4e4,NA,America/Los_Angeles,Mgr+,US,InternalCollaborator,Human Resources,3,14,Executive,1,11/07/2012,12,Employee Group 12,Operations,WPAPUBLICDEMO.ONMICROSOFT.COM,654a4f57-5b27-63c5-a500-849df79cb3b8,TRUE,2
040000008200E00074C5B7101A82E0080000000099877D582C17D901000000000000000010000000895B771C4B0ABD44AF053EBACB51705A1672648200,2,1,0,0,0,0,0,0,0,0,Focus time,FALSE,FALSE,FALSE,1,0,0,0,1,02/01/2023 08:30,8e357da8-d9c2-3f2a-8b51-bac09377e49e,1c5f7232-c62f-419f-b58e-e0b99525509c,NA,America/Los_Angeles,Mgr+,US,InternalCollaborator,Biz Dev,1,14,Executive,1,08/01/2015,1,Employee Group 1,Operations,WPAPUBLICDEMO.ONMICROSOFT.COM,3773d00d-aa7b-4327-983a-013e82842959,TRUE,2
040000008200E00074C5B7101A82E00800000000DA7263848A17D9010000000000000000100000005E94D0E7C9715B45B0B68E6E730B82E71672677000,2,1,0,0,0,0,0,0,0,0,Focus time,FALSE,FALSE,FALSE,1,0,0,0,1,02/01/2023 16:30,7407a274-f08a-3d6e-b3d4-137129a17c8e,169bf493-7f54-4550-a9ef-83ecb313e5cf,NA,America/Los_Angeles,Mgr+,US,InternalCollaborator,Facilities,2,6,Director,2,01/09/2012,37,Employee Group 37,Marketing,WPAPUBLICDEMO.ONMICROSOFT.COM,0000000-0000-0000-0000-0000000000,FALSE,2
040000008200E00074C5B7101A82E008000000000DAD58847F17D90100000000000000001000000063D0C0CF5CD96043BDBA8156EF272B9B1672763400,2,1,0,0,0,0,0,0,0,0,Focus time,FALSE,FALSE,FALSE,1,0,0,0,1,03/01/2023 16:30,f8ed6de3-7463-3a45-bbf6-026bb89424c0,aecc65cc-4ffa-4f88-9469-805953a2f4e4,NA,America/Los_Angeles,Mgr+,US,InternalCollaborator,Human Resources,3,14,Executive,1,11/07/2012,12,Employee Group 12,Operations,WPAPUBLICDEMO.ONMICROSOFT.COM,654a4f57-5b27-63c5-a500-849df79cb3b8,TRUE,2
040000008200E00074C5B7101A82E00800000000AE81BB582C17D901000000000000000010000000ED5E4F8A0C1C3E4BB5D359043E9D91F81672734600,2,1,0,0,0,0,0,0,0,0,Focus time,FALSE,FALSE,FALSE,1,0,0,0,1,03/01/2023 08:30,8e357da8-d9c2-3f2a-8b51-bac09377e49e,1c5f7232-c62f-419f-b58e-e0b99525509c,NA,America/Los_Angeles,Mgr+,US,InternalCollaborator,Biz Dev,1,14,Executive,1,08/01/2015,1,Employee Group 1,Operations,WPAPUBLICDEMO.ONMICROSOFT.COM,3773d00d-aa7b-4327-983a-013e82842959,TRUE,2
040000008200E00074C5B7101A82E00800000000BD95A8848A17D9010000000000000000100000001CA09D4911C3D04A893D66184BF90CE91672763400,2,1,0,0,0,0,0,0,0,0,Focus time,FALSE,FALSE,FALSE,1,0,0,0,1,03/01/2023 16:30,7407a274-f08a-3d6e-b3d4-137129a17c8e,169bf493-7f54-4550-a9ef-83ecb313e5cf,NA,America/Los_Angeles,Mgr+,US,InternalCollaborator,Facilities,2,6,Director,2,01/09/2012,37,Employee Group 37,Marketing,WPAPUBLICDEMO.ONMICROSOFT.COM,0000000-0000-0000-0000-0000000000,FALSE,2
040000008200E00074C5B7101A82E00800000000C390C7848A17D9010000000000000000100000003E751C997C61FC4082F127A00585A7F61672849800,2,1,0,0,0,0,0,0,0,0,Focus time,FALSE,FALSE,FALSE,1,0,0,0,1,04/01/2023 16:30,7407a274-f08a-3d6e-b3d4-137129a17c8e,169bf493-7f54-4550-a9ef-83ecb313e5cf,NA,America/Los_Angeles,Mgr+,US,InternalCollaborator,Facilities,2,6,Director,2,01/09/2012,37,Employee Group 37,Marketing,WPAPUBLICDEMO.ONMICROSOFT.COM,0000000-0000-0000-0000-0000000000,FALSE,2
040000008200E00074C5B7101A82E008000000003143DF582C17D901000000000000000010000000ACAEBD5F8A733144ABC23F9DC520C65C1672821000,2,1,0,0,0,0,0,0,0,0,Focus time,FALSE,FALSE,FALSE,1,0,0,0,1,04/01/2023 08:30,8e357da8-d9c2-3f2a-8b51-bac09377e49e,1c5f7232-c62f-419f-b58e-e0b99525509c,NA,America/Los_Angeles,Mgr+,US,InternalCollaborator,Biz Dev,1,14,Executive,1,08/01/2015,1,Employee Group 1,Operations,WPAPUBLICDEMO.ONMICROSOFT.COM,3773d00d-aa7b-4327-983a-013e82842959,TRUE,2
040000008200E00074C5B7101A82E008000000008DE51975511BD901000000000000000010000000B57AD4AAF142F94793E5EECDF49D54001672849800,2,1,0,0,0,0,0,0,0,0,Focus time,FALSE,FALSE,FALSE,1,0,0,0,1,04/01/2023 16:30,f8ed6de3-7463-3a45-bbf6-026bb89424c0,aecc65cc-4ffa-4f88-9469-805953a2f4e4,NA,America/Los_Angeles,Mgr+,US,InternalCollaborator,Human Resources,3,14,Executive,1,11/07/2012,12,Employee Group 12,Operations,WPAPUBLICDEMO.ONMICROSOFT.COM,654a4f57-5b27-63c5-a500-849df79cb3b8,TRUE,2
040000008200E00074C5B7101A82E00807E70104188C62D41F02D8010000000000000000100000003BA3EF0A9CC56140B760EA9AD1B0971B1672790400,408,17,0,0,0,0,0,0,0,0,Canceled: No-meeting day,TRUE,TRUE,TRUE,1,17,0,0,18,04/01/2023 00:00,889a5782-ce40-38b3-b44c-69953cf329b4,7c97a818-aa07-459d-a650-ebf352cce2f0,NA,America/Los_Angeles,Mgr+,US,InternalCollaborator,Finance-Corporate,5,14,Executive,1,30/05/2011,4,Employee Group 4,Finance,WPAPUBLICDEMO.ONMICROSOFT.COM,39124dce-a1e4-4bd0-b2d2-212a864cf67a,TRUE,24
040000008200E00074C5B7101A82E0080000000019CE78327817D90100000000000000001000000077C26DB4340C014C99E3613CEA14DACF1672851600,2,1,0,0,0,0,0,0,0,0,Focus time,FALSE,FALSE,FALSE,1,0,0,0,1,04/01/2023 17:00,889a5782-ce40-38b3-b44c-69953cf329b4,7c97a818-aa07-459d-a650-ebf352cce2f0,NA,America/Los_Angeles,Mgr+,US,InternalCollaborator,Finance-Corporate,5,14,Executive,1,30/05/2011,4,Employee Group 4,Finance,WPAPUBLICDEMO.ONMICROSOFT.COM,39124dce-a1e4-4bd0-b2d2-212a864cf67a,TRUE,2
040000008200E00074C5B7101A82E00807E701052BE5955A2D24D801000000000000000010000000D87A0EA90A1288449B3C7F74B97FC42B1672876800,144,6,0,0,0,0,0,0,0,0,No-meeting day,TRUE,FALSE,TRUE,1,6,0,0,7,05/01/2023 00:00,bb097379-891f-3c7a-ab9b-bd723329dda5,44769754-9af5-4310-9007-c0ba986848d7,NA,America/Los_Angeles,Mgr+,US,InternalCollaborator,Biz Dev,0,6,Director,2,01/12/2013,17,Employee Group 17,Operations,WPAPUBLICDEMO.ONMICROSOFT.COM,3d7ed447-75a5-6488-a5d5-b45798a6fa17,TRUE,24
040000008200E00074C5B7101A82E00807E70105AE96CEF81C02D801000000000000000010000000E42D137D34D4CD4DBB9C167AAC7A3DF41672876800,408,17,0,0,0,0,0,0,0,0,Canceled: No-meeting day,TRUE,TRUE,TRUE,1,17,0,0,18,05/01/2023 00:00,889a5782-ce40-38b3-b44c-69953cf329b4,7c97a818-aa07-459d-a650-ebf352cce2f0,NA,America/Los_Angeles,Mgr+,US,InternalCollaborator,Finance-Corporate,5,14,Executive,1,30/05/2011,4,Employee Group 4,Finance,WPAPUBLICDEMO.ONMICROSOFT.COM,39124dce-a1e4-4bd0-b2d2-212a864cf67a,TRUE,24
040000008200E00074C5B7101A82E008000000006832A0847F17D901000000000000000010000000373040EA2AD0CC48B898B3EDEC7C3CC41672936200,2,1,0,0,0,0,0,0,0,0,Focus time,FALSE,FALSE,FALSE,1,0,0,0,1,05/01/2023 16:30,f8ed6de3-7463-3a45-bbf6-026bb89424c0,aecc65cc-4ffa-4f88-9469-805953a2f4e4,NA,America/Los_Angeles,Mgr+,US,InternalCollaborator,Human Resources,3,14,Executive,1,11/07/2012,12,Employee Group 12,Operations,WPAPUBLICDEMO.ONMICROSOFT.COM,654a4f57-5b27-63c5-a500-849df79cb3b8,TRUE,2
040000008200E00074C5B7101A82E00800000000FB8DE6848A17D9010000000000000000100000008125E85BA165E74DBC7851CF5257C5631672936200,2,1,0,0,0,0,0,0,0,0,Focus time,FALSE,FALSE,FALSE,1,0,0,0,1,05/01/2023 16:30,7407a274-f08a-3d6e-b3d4-137129a17c8e,169bf493-7f54-4550-a9ef-83ecb313e5cf,NA,America/Los_Angeles,Mgr+,US,InternalCollaborator,Facilities,2,6,Director,2,01/09/2012,37,Employee Group 37,Marketing,WPAPUBLICDEMO.ONMICROSOFT.COM,0000000-0000-0000-0000-0000000000,FALSE,2
040000008200E00074C5B7101A82E008000000007AB7FB582C17D9010000000000000000100000008E6D8FD22D20BA469CBF66DE498BDA181672907400,2,1,0,0,0,0,0,0,0,0,Focus time,FALSE,FALSE,FALSE,1,0,0,0,1,05/01/2023 08:30,8e357da8-d9c2-3f2a-8b51-bac09377e49e,1c5f7232-c62f-419f-b58e-e0b99525509c,NA,Etc/UTC,Mgr+,US,InternalCollaborator,Biz Dev,1,14,Executive,1,08/01/2015,1,Employee Group 1,Operations,WPAPUBLICDEMO.ONMICROSOFT.COM,3773d00d-aa7b-4327-983a-013e82842959,TRUE,2
040000008200E00074C5B7101A82E00807E70106C61ACB1B5D21D90100000000000000001000000032728B17A95ACB4D8D75795CC26B27791673035200,1,1,0,0,0,0,0,0,0,0,Lunch,FALSE,FALSE,TRUE,1,0,0,0,1,06/01/2023 20:00,d5775448-392e-33bd-8226-ae38b4a387ac,d619c590-6525-4a85-ae4d-b792ba558f50,NA,America/Los_Angeles,Mgr+,US,InternalCollaborator,Customer Service,1,6,Director,2,25/08/2012,27,Employee Group 27,Engineering,WPAPUBLICDEMO.ONMICROSOFT.COM,0000000-0000-0000-0000-0000000000,FALSE,1
040000008200E00074C5B7101A82E00800000000395F80395D21D9010000000000000000100000006268323A7747F740A4F76067F5581D231673038800,2,1,0,0,0,0,0,0,0,0,Focus time,FALSE,FALSE,FALSE,1,0,0,0,1,06/01/2023 21:00,d5775448-392e-33bd-8226-ae38b4a387ac,d619c590-6525-4a85-ae4d-b792ba558f50,NA,America/Los_Angeles,Mgr+,US,InternalCollaborator,Customer Service,1,6,Director,2,25/08/2012,27,Employee Group 27,Engineering,WPAPUBLICDEMO.ONMICROSOFT.COM,0000000-0000-0000-0000-0000000000,FALSE,2
040000008200E00074C5B7101A82E00800000000C72803858A17D901000000000000000010000000313D48BC7C382440A61DCB2A3D133EBA1673022600,2,1,0,0,0,0,0,0,0,0,Focus time,FALSE,FALSE,FALSE,1,0,0,0,1,06/01/2023 16:30,7407a274-f08a-3d6e-b3d4-137129a17c8e,169bf493-7f54-4550-a9ef-83ecb313e5cf,NA,America/Los_Angeles,Mgr+,US,InternalCollaborator,Facilities,2,6,Director,2,01/09/2012,37,Employee Group 37,Marketing,WPAPUBLICDEMO.ONMICROSOFT.COM,0000000-0000-0000-0000-0000000000,FALSE,2
040000008200E00074C5B7101A82E00800000000E3CD1C592C17D901000000000000000010000000F0D473A2BD128644B0540B2B33A103271672993800,2,1,0,0,0,0,0,0,0,0,Focus time,FALSE,FALSE,FALSE,1,0,0,0,1,06/01/2023 08:30,8e357da8-d9c2-3f2a-8b51-bac09377e49e,1c5f7232-c62f-419f-b58e-e0b99525509c,NA,Etc/UTC,Mgr+,US,InternalCollaborator,Biz Dev,1,14,Executive,1,08/01/2015,1,Employee Group 1,Operations,WPAPUBLICDEMO.ONMICROSOFT.COM,3773d00d-aa7b-4327-983a-013e82842959,TRUE,2
040000008200E00074C5B7101A82E00800000000FF2D5FEA5D21D9010000000000000000100000008DC19A95B5B52C45A4058AA09AF12B8C1673022600,2,1,0,0,0,0,0,0,0,0,Focus time,FALSE,FALSE,FALSE,1,0,0,0,1,06/01/2023 16:30,d5775448-392e-33bd-8226-ae38b4a387ac,d619c590-6525-4a85-ae4d-b792ba558f50,NA,America/Los_Angeles,Mgr+,US,InternalCollaborator,Customer Service,1,6,Director,2,25/08/2012,27,Employee Group 27,Engineering,WPAPUBLICDEMO.ONMICROSOFT.COM,0000000-0000-0000-0000-0000000000,FALSE,2
040000008200E00074C5B7101A82E00807E70106C44B90D12C02D801000000000000000010000000A65F24BC4932D34DAC6BB0B811E6D8DB1672963200,432,18,0,0,0,0,0,0,0,0,No-meeting day,TRUE,FALSE,TRUE,1,17,0,0,18,06/01/2023 00:00,889a5782-ce40-38b3-b44c-69953cf329b4,7c97a818-aa07-459d-a650-ebf352cce2f0,NA,America/Los_Angeles,Mgr+,US,InternalCollaborator,Finance-Corporate,5,14,Executive,1,30/05/2011,4,Employee Group 4,Finance,WPAPUBLICDEMO.ONMICROSOFT.COM,39124dce-a1e4-4bd0-b2d2-212a864cf67a,TRUE,24
040000008200E00074C5B7101A82E0080000000056A65C75511BD901000000000000000010000000D987A7CE55C83B49AF7B8B75BCFA8C6A1673022600,2,1,0,0,0,0,0,0,0,0,Focus time,FALSE,FALSE,FALSE,1,0,0,0,1,06/01/2023 16:30,f8ed6de3-7463-3a45-bbf6-026bb89424c0,aecc65cc-4ffa-4f88-9469-805953a2f4e4,NA,America/Los_Angeles,Mgr+,US,InternalCollaborator,Human Resources,3,14,Executive,1,11/07/2012,12,Employee Group 12,Operations,WPAPUBLICDEMO.ONMICROSOFT.COM,654a4f57-5b27-63c5-a500-849df79cb3b8,TRUE,2
040000008200E00074C5B7101A82E00807E70107A53A195AF3A3D801000000000000000010000000DA977C8D33EDA0459DA7F6CB2EAF35E31673049600,216,9,0,0,0,0,0,0,0,0,<U+7121><U+6703><U+8B70><U+65E5>,TRUE,FALSE,TRUE,1,10,0,0,11,07/01/2023 00:00,7407a274-f08a-3d6e-b3d4-137129a17c8e,169bf493-7f54-4550-a9ef-83ecb313e5cf,NA,America/Los_Angeles,Mgr+,US,InternalCollaborator,Facilities,2,6,Director,2,01/09/2012,37,Employee Group 37,Marketing,WPAPUBLICDEMO.ONMICROSOFT.COM,0000000-0000-0000-0000-0000000000,FALSE,24
040000008200E00074C5B7101A82E00807E701070C225123ACE2D7010000000000000000100000006B1061F14266C448936F870C3F5AE8411673049600,312,13,0,0,0,0,0,0,0,0,Canceled: No-meeting day,TRUE,TRUE,TRUE,1,13,0,0,14,07/01/2023 00:00,f8ed6de3-7463-3a45-bbf6-026bb89424c0,aecc65cc-4ffa-4f88-9469-805953a2f4e4,NA,America/Los_Angeles,Mgr+,US,InternalCollaborator,Human Resources,3,14,Executive,1,11/07/2012,12,Employee Group 12,Operations,WPAPUBLICDEMO.ONMICROSOFT.COM,654a4f57-5b27-63c5-a500-849df79cb3b8,TRUE,24
040000008200E00074C5B7101A82E00800000000D4E22187091DD9010000000000000000100000006F0D573FF5A1054286C6CC0491D05CBC1673281800,2,1,0,0,0,0,0,0,0,0,Focus time,FALSE,FALSE,FALSE,1,0,0,0,1,09/01/2023 16:30,f8ed6de3-7463-3a45-bbf6-026bb89424c0,aecc65cc-4ffa-4f88-9469-805953a2f4e4,NA,America/Los_Angeles,Mgr+,US,InternalCollaborator,Human Resources,3,14,Executive,1,11/07/2012,12,Employee Group 12,Operations,WPAPUBLICDEMO.ONMICROSOFT.COM,654a4f57-5b27-63c5-a500-849df79cb3b8,TRUE,2
040000008200E00074C5B7101A82E008000000004B79BBBD5D21D9010000000000000000100000008AC73A8DFEED104D920BE09BC3503C131673281800,2,1,0,0,0,0,0,0,0,0,Focus time,FALSE,FALSE,FALSE,1,0,0,0,1,09/01/2023 16:30,d5775448-392e-33bd-8226-ae38b4a387ac,d619c590-6525-4a85-ae4d-b792ba558f50,NA,America/Los_Angeles,Mgr+,US,InternalCollaborator,Customer Service,1,6,Director,2,25/08/2012,27,Employee Group 27,Engineering,WPAPUBLICDEMO.ONMICROSOFT.COM,0000000-0000-0000-0000-0000000000,FALSE,2
040000008200E00074C5B7101A82E00800000000207E953BF41CD901000000000000000010000000A4280F953779D645AF152B5F0489F4141673281800,2,1,0,0,0,0,0,0,0,0,Focus time,FALSE,FALSE,FALSE,1,0,0,0,1,09/01/2023 16:30,7407a274-f08a-3d6e-b3d4-137129a17c8e,169bf493-7f54-4550-a9ef-83ecb313e5cf,NA,America/Los_Angeles,Mgr+,US,InternalCollaborator,Facilities,2,6,Director,2,01/09/2012,37,Employee Group 37,Marketing,WPAPUBLICDEMO.ONMICROSOFT.COM,0000000-0000-0000-0000-0000000000,FALSE,2
040000008200E00074C5B7101A82E00807E70109C61ACB1B5D21D90100000000000000001000000032728B17A95ACB4D8D75795CC26B27791673294400,1,1,0,0,0,0,0,0,0,0,Lunch,FALSE,FALSE,TRUE,1,0,0,0,1,09/01/2023 20:00,d5775448-392e-33bd-8226-ae38b4a387ac,d619c590-6525-4a85-ae4d-b792ba558f50,NA,America/Los_Angeles,Mgr+,US,InternalCollaborator,Customer Service,1,6,Director,2,25/08/2012,27,Employee Group 27,Engineering,WPAPUBLICDEMO.ONMICROSOFT.COM,0000000-0000-0000-0000-0000000000,FALSE,1
040000008200E00074C5B7101A82E008000000009C567190F51CD901000000000000000010000000C2D11C728AA2A54481F13E512698B4261673283600,2,1,0,0,0,0,0,0,0,0,Focus time,FALSE,FALSE,FALSE,1,0,0,0,1,09/01/2023 17:00,889a5782-ce40-38b3-b44c-69953cf329b4,7c97a818-aa07-459d-a650-ebf352cce2f0,NA,America/Los_Angeles,Mgr+,US,InternalCollaborator,Finance-Corporate,5,14,Executive,1,30/05/2011,4,Employee Group 4,Finance,WPAPUBLICDEMO.ONMICROSOFT.COM,39124dce-a1e4-4bd0-b2d2-212a864cf67a,TRUE,2
040000008200E00074C5B7101A82E008000000007A81F66EB21CD90100000000000000001000000043E150B214B1264EA2426F9C7129DC801673253000,2,1,0,0,0,0,0,0,0,0,Focus time,FALSE,FALSE,FALSE,1,0,0,0,1,09/01/2023 08:30,8e357da8-d9c2-3f2a-8b51-bac09377e49e,1c5f7232-c62f-419f-b58e-e0b99525509c,NA,Etc/UTC,Mgr+,US,InternalCollaborator,Biz Dev,1,14,Executive,1,08/01/2015,1,Employee Group 1,Operations,WPAPUBLICDEMO.ONMICROSOFT.COM,3773d00d-aa7b-4327-983a-013e82842959,TRUE,2
040000008200E00074C5B7101A82E008000000002714D8BD5D21D90100000000000000001000000059DDA04C43CAFA4AA43A11CC30DCBDA31673368200,2,1,0,0,0,0,0,0,0,0,Focus time,FALSE,FALSE,FALSE,1,0,0,0,1,10/01/2023 16:30,d5775448-392e-33bd-8226-ae38b4a387ac,d619c590-6525-4a85-ae4d-b792ba558f50,NA,America/Los_Angeles,Mgr+,US,InternalCollaborator,Customer Service,1,6,Director,2,25/08/2012,27,Employee Group 27,Engineering,WPAPUBLICDEMO.ONMICROSOFT.COM,0000000-0000-0000-0000-0000000000,FALSE,2
040000008200E00074C5B7101A82E00807E7010AC61ACB1B5D21D90100000000000000001000000032728B17A95ACB4D8D75795CC26B27791673380800,1,1,0,0,0,0,0,0,0,0,Lunch,FALSE,FALSE,TRUE,1,0,0,0,1,10/01/2023 20:00,d5775448-392e-33bd-8226-ae38b4a387ac,d619c590-6525-4a85-ae4d-b792ba558f50,NA,America/Los_Angeles,Mgr+,US,InternalCollaborator,Customer Service,1,6,Director,2,25/08/2012,27,Employee Group 27,Engineering,WPAPUBLICDEMO.ONMICROSOFT.COM,0000000-0000-0000-0000-0000000000,FALSE,1
040000008200E00074C5B7101A82E00800000000C7555687091DD90100000000000000001000000040D9B7909B11C04695DA125A3DF09EE61673368200,2,1,0,0,0,0,0,0,0,0,Focus time,FALSE,FALSE,FALSE,1,0,0,0,1,10/01/2023 16:30,f8ed6de3-7463-3a45-bbf6-026bb89424c0,aecc65cc-4ffa-4f88-9469-805953a2f4e4,NA,America/Los_Angeles,Mgr+,US,InternalCollaborator,Human Resources,3,14,Executive,1,11/07/2012,12,Employee Group 12,Operations,WPAPUBLICDEMO.ONMICROSOFT.COM,654a4f57-5b27-63c5-a500-849df79cb3b8,TRUE,2
040000008200E00074C5B7101A82E008000000005B5D456FB21CD9010000000000000000100000008E7F2429AFE5A748AA2B9744E1BD6F5B1673339400,2,1,0,0,0,0,0,0,0,0,Focus time,FALSE,FALSE,FALSE,1,0,0,0,1,10/01/2023 08:30,8e357da8-d9c2-3f2a-8b51-bac09377e49e,1c5f7232-c62f-419f-b58e-e0b99525509c,NA,Etc/UTC,Mgr+,US,InternalCollaborator,Biz Dev,1,14,Executive,1,08/01/2015,1,Employee Group 1,Operations,WPAPUBLICDEMO.ONMICROSOFT.COM,3773d00d-aa7b-4327-983a-013e82842959,TRUE,2
040000008200E00074C5B7101A82E00800000000C7B3CE3BF41CD901000000000000000010000000362C0D455F096444B6C7EEB4E84A44F01673368200,2,1,0,0,0,0,0,0,0,0,Focus time,FALSE,FALSE,FALSE,1,0,0,0,1,10/01/2023 16:30,7407a274-f08a-3d6e-b3d4-137129a17c8e,169bf493-7f54-4550-a9ef-83ecb313e5cf,NA,America/Los_Angeles,Mgr+,US,InternalCollaborator,Facilities,2,6,Director,2,01/09/2012,37,Employee Group 37,Marketing,WPAPUBLICDEMO.ONMICROSOFT.COM,0000000-0000-0000-0000-0000000000,FALSE,2
040000008200E00074C5B7101A82E00800000000FBDD7E87091DD90100000000000000001000000064880AAAE2E24E46A0264B274BBC91441673454600,2,1,0,0,0,0,0,0,0,0,Focus time,FALSE,FALSE,FALSE,1,0,0,0,1,11/01/2023 16:30,f8ed6de3-7463-3a45-bbf6-026bb89424c0,aecc65cc-4ffa-4f88-9469-805953a2f4e4,NA,America/Los_Angeles,Mgr+,US,InternalCollaborator,Human Resources,3,14,Executive,1,11/07/2012,12,Employee Group 12,Operations,WPAPUBLICDEMO.ONMICROSOFT.COM,654a4f57-5b27-63c5-a500-849df79cb3b8,TRUE,2
040000008200E00074C5B7101A82E0080000000091BC666FB21CD9010000000000000000100000007C21F2AF8F5994428BF44264FB41FD181673425800,2,1,0,0,0,0,0,0,0,0,Focus time,FALSE,FALSE,FALSE,1,0,0,0,1,11/01/2023 08:30,8e357da8-d9c2-3f2a-8b51-bac09377e49e,1c5f7232-c62f-419f-b58e-e0b99525509c,NA,Etc/UTC,Mgr+,US,InternalCollaborator,Biz Dev,1,14,Executive,1,08/01/2015,1,Employee Group 1,Operations,WPAPUBLICDEMO.ONMICROSOFT.COM,3773d00d-aa7b-4327-983a-013e82842959,TRUE,2
040000008200E00074C5B7101A82E0080000000083EEAC90F51CD901000000000000000010000000713F4D61D60A7F4C995040E4331B469C1673456400,2,1,0,0,0,0,0,0,0,0,Focus time,FALSE,FALSE,FALSE,1,0,0,0,1,11/01/2023 17:00,889a5782-ce40-38b3-b44c-69953cf329b4,7c97a818-aa07-459d-a650-ebf352cce2f0,NA,America/Los_Angeles,Mgr+,US,InternalCollaborator,Finance-Corporate,5,14,Executive,1,30/05/2011,4,Employee Group 4,Finance,WPAPUBLICDEMO.ONMICROSOFT.COM,39124dce-a1e4-4bd0-b2d2-212a864cf67a,TRUE,2
040000008200E00074C5B7101A82E00807E7010BC61ACB1B5D21D90100000000000000001000000032728B17A95ACB4D8D75795CC26B27791673467200,1,1,0,0,0,0,0,0,0,0,Lunch,FALSE,FALSE,TRUE,1,0,0,0,1,11/01/2023 20:00,d5775448-392e-33bd-8226-ae38b4a387ac,d619c590-6525-4a85-ae4d-b792ba558f50,NA,America/Los_Angeles,Mgr+,US,InternalCollaborator,Customer Service,1,6,Director,2,25/08/2012,27,Employee Group 27,Engineering,WPAPUBLICDEMO.ONMICROSOFT.COM,0000000-0000-0000-0000-0000000000,FALSE,1
040000008200E00074C5B7101A82E008000000006375F23BF41CD901000000000000000010000000AA7E1F09AFDF104F9E67035A3531A8D31673454600,2,1,0,0,0,0,0,0,0,0,Focus time,FALSE,FALSE,FALSE,1,0,0,0,1,11/01/2023 16:30,7407a274-f08a-3d6e-b3d4-137129a17c8e,169bf493-7f54-4550-a9ef-83ecb313e5cf,NA,America/Los_Angeles,Mgr+,US,InternalCollaborator,Facilities,2,6,Director,2,01/09/2012,37,Employee Group 37,Marketing,WPAPUBLICDEMO.ONMICROSOFT.COM,0000000-0000-0000-0000-0000000000,FALSE,2
040000008200E00074C5B7101A82E00807E7010B188C62D41F02D8010000000000000000100000003BA3EF0A9CC56140B760EA9AD1B0971B1673395200,408,17,0,0,0,0,0,0,0,0,Canceled: No-meeting day,TRUE,TRUE,TRUE,1,17,0,0,18,11/01/2023 00:00,889a5782-ce40-38b3-b44c-69953cf329b4,7c97a818-aa07-459d-a650-ebf352cce2f0,NA,America/Los_Angeles,Mgr+,US,InternalCollaborator,Finance-Corporate,5,14,Executive,1,30/05/2011,4,Employee Group 4,Finance,WPAPUBLICDEMO.ONMICROSOFT.COM,39124dce-a1e4-4bd0-b2d2-212a864cf67a,TRUE,24
040000008200E00074C5B7101A82E00800000000CEA6F9BD5D21D9010000000000000000100000003887631582E1CC4480519C9D2F4344EB1673454600,2,1,0,0,0,0,0,0,0,0,Focus time,FALSE,FALSE,FALSE,1,0,0,0,1,11/01/2023 16:30,d5775448-392e-33bd-8226-ae38b4a387ac,d619c590-6525-4a85-ae4d-b792ba558f50,NA,America/Los_Angeles,Mgr+,US,InternalCollaborator,Customer Service,1,6,Director,2,25/08/2012,27,Employee Group 27,Engineering,WPAPUBLICDEMO.ONMICROSOFT.COM,0000000-0000-0000-0000-0000000000,FALSE,2
040000008200E00074C5B7101A82E008000000001902A587091DD90100000000000000001000000012CE421B3AE59447B34A863980F8C2BA1673541000,2,1,0,0,0,0,0,0,0,0,Focus time,FALSE,FALSE,FALSE,1,0,0,0,1,12/01/2023 16:30,f8ed6de3-7463-3a45-bbf6-026bb89424c0,aecc65cc-4ffa-4f88-9469-805953a2f4e4,NA,America/Los_Angeles,Mgr+,US,InternalCollaborator,Human Resources,3,14,Executive,1,11/07/2012,12,Employee Group 12,Operations,WPAPUBLICDEMO.ONMICROSOFT.COM,654a4f57-5b27-63c5-a500-849df79cb3b8,TRUE,2
040000008200E00074C5B7101A82E00807E7010C2BE5955A2D24D801000000000000000010000000D87A0EA90A1288449B3C7F74B97FC42B1673481600,144,6,0,0,0,0,0,0,0,0,No-meeting day,TRUE,FALSE,TRUE,1,6,0,0,7,12/01/2023 00:00,bb097379-891f-3c7a-ab9b-bd723329dda5,44769754-9af5-4310-9007-c0ba986848d7,NA,America/Los_Angeles,Mgr+,US,InternalCollaborator,Biz Dev,0,6,Director,2,01/12/2013,17,Employee Group 17,Operations,WPAPUBLICDEMO.ONMICROSOFT.COM,3d7ed447-75a5-6488-a5d5-b45798a6fa17,TRUE,24
040000008200E00074C5B7101A82E00807E7010CC61ACB1B5D21D90100000000000000001000000032728B17A95ACB4D8D75795CC26B27791673553600,1,1,0,0,0,0,0,0,0,0,Lunch,FALSE,FALSE,TRUE,1,0,0,0,1,12/01/2023 20:00,d5775448-392e-33bd-8226-ae38b4a387ac,d619c590-6525-4a85-ae4d-b792ba558f50,NA,America/Los_Angeles,Mgr+,US,InternalCollaborator,Customer Service,1,6,Director,2,25/08/2012,27,Employee Group 27,Engineering,WPAPUBLICDEMO.ONMICROSOFT.COM,0000000-0000-0000-0000-0000000000,FALSE,1
040000008200E00074C5B7101A82E00800000000C9A4916FB21CD901000000000000000010000000F875DB8601FC884C824CE4ACCE0CE5A21673512200,2,1,0,0,0,0,0,0,0,0,Focus time,FALSE,FALSE,FALSE,1,0,0,0,1,12/01/2023 08:30,8e357da8-d9c2-3f2a-8b51-bac09377e49e,1c5f7232-c62f-419f-b58e-e0b99525509c,NA,Etc/UTC,Mgr+,US,InternalCollaborator,Biz Dev,1,14,Executive,1,08/01/2015,1,Employee Group 1,Operations,WPAPUBLICDEMO.ONMICROSOFT.COM,3773d00d-aa7b-4327-983a-013e82842959,TRUE,2
040000008200E00074C5B7101A82E008000000005B681DBE5D21D9010000000000000000100000005EAFCCC2C5C75D43B7C1D9CF2C6E1EC01673541000,2,1,0,0,0,0,0,0,0,0,Focus time,FALSE,FALSE,FALSE,1,0,0,0,1,12/01/2023 16:30,d5775448-392e-33bd-8226-ae38b4a387ac,d619c590-6525-4a85-ae4d-b792ba558f50,NA,America/Los_Angeles,Mgr+,US,InternalCollaborator,Customer Service,1,6,Director,2,25/08/2012,27,Employee Group 27,Engineering,WPAPUBLICDEMO.ONMICROSOFT.COM,0000000-0000-0000-0000-0000000000,FALSE,2
040000008200E00074C5B7101A82E00800000000C8D4133CF41CD9010000000000000000100000007439E15FB894B8478B0A1F86B8ACE58D1673541000,2,1,0,0,0,0,0,0,0,0,Focus time,FALSE,FALSE,FALSE,1,0,0,0,1,12/01/2023 16:30,7407a274-f08a-3d6e-b3d4-137129a17c8e,169bf493-7f54-4550-a9ef-83ecb313e5cf,NA,America/Los_Angeles,Mgr+,US,InternalCollaborator,Facilities,2,6,Director,2,01/09/2012,37,Employee Group 37,Marketing,WPAPUBLICDEMO.ONMICROSOFT.COM,0000000-0000-0000-0000-0000000000,FALSE,2
040000008200E00074C5B7101A82E008000000000F04B36FB21CD901000000000000000010000000007FAF60F95AEA4F9C0754FD936050451673598600,2,1,0,0,0,0,0,0,0,0,Focus time,FALSE,FALSE,FALSE,1,0,0,0,1,13/01/2023 08:30,8e357da8-d9c2-3f2a-8b51-bac09377e49e,1c5f7232-c62f-419f-b58e-e0b99525509c,NA,Etc/UTC,Mgr+,US,InternalCollaborator,Biz Dev,1,14,Executive,1,08/01/2015,1,Employee Group 1,Operations,WPAPUBLICDEMO.ONMICROSOFT.COM,3773d00d-aa7b-4327-983a-013e82842959,TRUE,2
040000008200E00074C5B7101A82E00800000000A56F303CF41CD901000000000000000010000000FDC8B716814BFA40857F9A0A5B55A2E51673627400,2,1,0,0,0,0,0,0,0,0,Focus time,FALSE,FALSE,FALSE,1,0,0,0,1,13/01/2023 16:30,7407a274-f08a-3d6e-b3d4-137129a17c8e,169bf493-7f54-4550-a9ef-83ecb313e5cf,NA,America/Los_Angeles,Mgr+,US,InternalCollaborator,Facilities,2,6,Director,2,01/09/2012,37,Employee Group 37,Marketing,WPAPUBLICDEMO.ONMICROSOFT.COM,0000000-0000-0000-0000-0000000000,FALSE,2
040000008200E00074C5B7101A82E0080000000090EBCB90F51CD9010000000000000000100000007C66D3C4806D314FA95256C055D0B4B01673629200,2,1,0,0,0,0,0,0,0,0,Focus time,FALSE,FALSE,FALSE,1,0,0,0,1,13/01/2023 17:00,889a5782-ce40-38b3-b44c-69953cf329b4,7c97a818-aa07-459d-a650-ebf352cce2f0,NA,America/Los_Angeles,Mgr+,US,InternalCollaborator,Finance-Corporate,5,14,Executive,1,30/05/2011,4,Employee Group 4,Finance,WPAPUBLICDEMO.ONMICROSOFT.COM,39124dce-a1e4-4bd0-b2d2-212a864cf67a,TRUE,2
040000008200E00074C5B7101A82E00807E7010DC61ACB1B5D21D90100000000000000001000000032728B17A95ACB4D8D75795CC26B27791673640000,1,1,0,0,0,0,0,0,0,0,Lunch,FALSE,FALSE,TRUE,1,0,0,0,1,13/01/2023 20:00,d5775448-392e-33bd-8226-ae38b4a387ac,d619c590-6525-4a85-ae4d-b792ba558f50,NA,America/Los_Angeles,Mgr+,US,InternalCollaborator,Customer Service,1,6,Director,2,25/08/2012,27,Employee Group 27,Engineering,WPAPUBLICDEMO.ONMICROSOFT.COM,0000000-0000-0000-0000-0000000000,FALSE,1
040000008200E00074C5B7101A82E00800000000DBB24ABE5D21D9010000000000000000100000004227DCBDFCD1A646AA78242A3F21EC701673627400,2,1,0,0,0,0,0,0,0,0,Focus time,FALSE,FALSE,FALSE,1,0,0,0,1,13/01/2023 16:30,d5775448-392e-33bd-8226-ae38b4a387ac,d619c590-6525-4a85-ae4d-b792ba558f50,NA,America/Los_Angeles,Mgr+,US,InternalCollaborator,Customer Service,1,6,Director,2,25/08/2012,27,Employee Group 27,Engineering,WPAPUBLICDEMO.ONMICROSOFT.COM,0000000-0000-0000-0000-0000000000,FALSE,2
040000008200E00074C5B7101A82E00807E7010EA53A195AF3A3D801000000000000000010000000DA977C8D33EDA0459DA7F6CB2EAF35E31673654400,216,9,0,0,0,0,0,0,0,0,<U+7121><U+6703><U+8B70><U+65E5>,TRUE,FALSE,TRUE,1,10,0,0,11,14/01/2023 00:00,7407a274-f08a-3d6e-b3d4-137129a17c8e,169bf493-7f54-4550-a9ef-83ecb313e5cf,NA,America/Los_Angeles,Mgr+,US,InternalCollaborator,Facilities,2,6,Director,2,01/09/2012,37,Employee Group 37,Marketing,WPAPUBLICDEMO.ONMICROSOFT.COM,0000000-0000-0000-0000-0000000000,FALSE,24
040000008200E00074C5B7101A82E00807E7010E0C225123ACE2D7010000000000000000100000006B1061F14266C448936F870C3F5AE8411673654400,312,13,0,0,0,0,0,0,0,0,Canceled: No-meeting day,TRUE,TRUE,TRUE,1,13,0,0,14,14/01/2023 00:00,f8ed6de3-7463-3a45-bbf6-026bb89424c0,aecc65cc-4ffa-4f88-9469-805953a2f4e4,NA,America/Los_Angeles,Mgr+,US,InternalCollaborator,Human Resources,3,14,Executive,1,11/07/2012,12,Employee Group 12,Operations,WPAPUBLICDEMO.ONMICROSOFT.COM,654a4f57-5b27-63c5-a500-849df79cb3b8,TRUE,24
040000008200E00074C5B7101A82E00800000000ED6E3BD28122D9010000000000000000100000001D0D95B72888BB4C87F7C663395F4ACC1673888400,2,1,0,0,0,0,0,0,0,0,Focus time,FALSE,FALSE,FALSE,1,0,0,0,1,16/01/2023 17:00,889a5782-ce40-38b3-b44c-69953cf329b4,7c97a818-aa07-459d-a650-ebf352cce2f0,NA,America/Los_Angeles,Mgr+,US,InternalCollaborator,Finance-Corporate,5,14,Executive,1,30/05/2011,4,Employee Group 4,Finance,WPAPUBLICDEMO.ONMICROSOFT.COM,39124dce-a1e4-4bd0-b2d2-212a864cf67a,TRUE,2
040000008200E00074C5B7101A82E00807E70110C61ACB1B5D21D90100000000000000001000000032728B17A95ACB4D8D75795CC26B27791673899200,1,1,0,0,0,0,0,0,0,0,Lunch,FALSE,FALSE,TRUE,1,0,0,0,1,16/01/2023 20:00,d5775448-392e-33bd-8226-ae38b4a387ac,d619c590-6525-4a85-ae4d-b792ba558f50,NA,America/Los_Angeles,Mgr+,US,InternalCollaborator,Customer Service,1,6,Director,2,25/08/2012,27,Employee Group 27,Engineering,WPAPUBLICDEMO.ONMICROSOFT.COM,0000000-0000-0000-0000-0000000000,FALSE,1
040000008200E00074C5B7101A82E008000000000943DECEAF29D901000000000000000010000000B59E079247AE684C90DFCE329D6B0AF31673905500,0.25,1,0,0,0,0,0,0,0,0,Take a break,FALSE,FALSE,FALSE,1,0,0,0,1,16/01/2023 21:45,7407a274-f08a-3d6e-b3d4-137129a17c8e,169bf493-7f54-4550-a9ef-83ecb313e5cf,NA,America/Los_Angeles,Mgr+,US,InternalCollaborator,Facilities,2,6,Director,2,01/09/2012,37,Employee Group 37,Marketing,WPAPUBLICDEMO.ONMICROSOFT.COM,0000000-0000-0000-0000-0000000000,FALSE,0.25
040000008200E00074C5B7101A82E00800000000975A88827F22D901000000000000000010000000C3C1EC3BC91BF044AA0BE059521360EB1673886600,2,1,0,0,0,0,0,0,0,0,Focus time,FALSE,FALSE,FALSE,1,0,0,0,1,16/01/2023 16:30,f8ed6de3-7463-3a45-bbf6-026bb89424c0,aecc65cc-4ffa-4f88-9469-805953a2f4e4,NA,America/Los_Angeles,Mgr+,US,InternalCollaborator,Human Resources,3,14,Executive,1,11/07/2012,12,Employee Group 12,Operations,WPAPUBLICDEMO.ONMICROSOFT.COM,654a4f57-5b27-63c5-a500-849df79cb3b8,TRUE,2
040000008200E00074C5B7101A82E00800000000A6A325B23322D90100000000000000001000000080EC9CA665F3BE4BB3B315FF8B6244771673857800,2,1,0,0,0,0,0,0,0,0,Focus time,FALSE,FALSE,FALSE,1,0,0,0,1,16/01/2023 08:30,8e357da8-d9c2-3f2a-8b51-bac09377e49e,1c5f7232-c62f-419f-b58e-e0b99525509c,NA,Etc/UTC,Mgr+,US,InternalCollaborator,Biz Dev,1,14,Executive,1,08/01/2015,1,Employee Group 1,Operations,WPAPUBLICDEMO.ONMICROSOFT.COM,3773d00d-aa7b-4327-983a-013e82842959,TRUE,2
040000008200E00074C5B7101A82E008000000009B08CDB08622D901000000000000000010000000174086155B5B9A4499F237CB6D5C4F471673886600,2,1,0,0,0,0,0,0,0,0,Focus time,FALSE,FALSE,FALSE,1,0,0,0,1,16/01/2023 16:30,7407a274-f08a-3d6e-b3d4-137129a17c8e,169bf493-7f54-4550-a9ef-83ecb313e5cf,NA,America/Los_Angeles,Mgr+,US,InternalCollaborator,Facilities,2,6,Director,2,01/09/2012,37,Employee Group 37,Marketing,WPAPUBLICDEMO.ONMICROSOFT.COM,0000000-0000-0000-0000-0000000000,FALSE,2
040000008200E00074C5B7101A82E00800000000EC281B9A8522D901000000000000000010000000FAACAC8FA32D5645A1A09524ECAA799B1673886600,2,1,0,0,0,0,0,0,0,0,Focus time,FALSE,FALSE,FALSE,1,0,0,0,1,16/01/2023 16:30,d5775448-392e-33bd-8226-ae38b4a387ac,d619c590-6525-4a85-ae4d-b792ba558f50,NA,America/Los_Angeles,Mgr+,US,InternalCollaborator,Customer Service,1,6,Director,2,25/08/2012,27,Employee Group 27,Engineering,WPAPUBLICDEMO.ONMICROSOFT.COM,0000000-0000-0000-0000-0000000000,FALSE,2
040000008200E00074C5B7101A82E00800000000C8DAA4CEAF29D9010000000000000000100000000DA3DCB9E7DB094EB19FDDCE36202E621673894700,0.25,1,0,0,0,0,0,0,0,0,Take a break,FALSE,FALSE,FALSE,1,0,0,0,1,16/01/2023 18:45,7407a274-f08a-3d6e-b3d4-137129a17c8e,169bf493-7f54-4550-a9ef-83ecb313e5cf,NA,America/Los_Angeles,Mgr+,US,InternalCollaborator,Facilities,2,6,Director,2,01/09/2012,37,Employee Group 37,Marketing,WPAPUBLICDEMO.ONMICROSOFT.COM,0000000-0000-0000-0000-0000000000,FALSE,0.25
040000008200E00074C5B7101A82E00800000000410F1ACFAF29D9010000000000000000100000009A8810F8E70E704682DB55DE2D8FC63F1673991900,0.25,1,0,0,0,0,0,0,0,0,Take a break,FALSE,FALSE,FALSE,1,0,0,0,1,17/01/2023 21:45,7407a274-f08a-3d6e-b3d4-137129a17c8e,169bf493-7f54-4550-a9ef-83ecb313e5cf,NA,America/Los_Angeles,Mgr+,US,InternalCollaborator,Facilities,2,6,Director,2,01/09/2012,37,Employee Group 37,Marketing,WPAPUBLICDEMO.ONMICROSOFT.COM,0000000-0000-0000-0000-0000000000,FALSE,0.25
040000008200E00074C5B7101A82E00807E70111C61ACB1B5D21D90100000000000000001000000032728B17A95ACB4D8D75795CC26B27791673985600,1,1,0,0,0,0,0,0,0,0,Lunch,FALSE,FALSE,TRUE,1,0,0,0,1,17/01/2023 20:00,d5775448-392e-33bd-8226-ae38b4a387ac,d619c590-6525-4a85-ae4d-b792ba558f50,NA,America/Los_Angeles,Mgr+,US,InternalCollaborator,Customer Service,1,6,Director,2,25/08/2012,27,Employee Group 27,Engineering,WPAPUBLICDEMO.ONMICROSOFT.COM,0000000-0000-0000-0000-0000000000,FALSE,1
040000008200E00074C5B7101A82E00800000000681BCB827F22D901000000000000000010000000ABB91A1AE1E8DC4E9287AEBAE1EEE0C31673973000,2,1,0,0,0,0,0,0,0,0,Focus time,FALSE,FALSE,FALSE,1,0,0,0,1,17/01/2023 16:30,f8ed6de3-7463-3a45-bbf6-026bb89424c0,aecc65cc-4ffa-4f88-9469-805953a2f4e4,NA,America/Los_Angeles,Mgr+,US,InternalCollaborator,Human Resources,3,14,Executive,1,11/07/2012,12,Employee Group 12,Operations,WPAPUBLICDEMO.ONMICROSOFT.COM,654a4f57-5b27-63c5-a500-849df79cb3b8,TRUE,2
040000008200E00074C5B7101A82E00800000000F6AE439A8522D90100000000000000001000000028DBEAB145F2B442ABE48E1C3852867E1673973000,2,1,0,0,0,0,0,0,0,0,Focus time,FALSE,FALSE,FALSE,1,0,0,0,1,17/01/2023 16:30,d5775448-392e-33bd-8226-ae38b4a387ac,d619c590-6525-4a85-ae4d-b792ba558f50,NA,America/Los_Angeles,Mgr+,US,InternalCollaborator,Customer Service,1,6,Director,2,25/08/2012,27,Employee Group 27,Engineering,WPAPUBLICDEMO.ONMICROSOFT.COM,0000000-0000-0000-0000-0000000000,FALSE,2
040000008200E00074C5B7101A82E008000000003853FAB08622D901000000000000000010000000F416FEEAAAA43041BEC57E27835CB0571673973000,2,1,0,0,0,0,0,0,0,0,Focus time,FALSE,FALSE,FALSE,1,0,0,0,1,17/01/2023 16:30,7407a274-f08a-3d6e-b3d4-137129a17c8e,169bf493-7f54-4550-a9ef-83ecb313e5cf,NA,America/Los_Angeles,Mgr+,US,InternalCollaborator,Facilities,2,6,Director,2,01/09/2012,37,Employee Group 37,Marketing,WPAPUBLICDEMO.ONMICROSOFT.COM,0000000-0000-0000-0000-0000000000,FALSE,2
040000008200E00074C5B7101A82E00800000000EADDFACEAF29D901000000000000000010000000EB0F39A135D5414D98EEA7C7D461092A1673981100,0.25,1,0,0,0,0,0,0,0,0,Take a break,FALSE,FALSE,FALSE,1,0,0,0,1,17/01/2023 18:45,7407a274-f08a-3d6e-b3d4-137129a17c8e,169bf493-7f54-4550-a9ef-83ecb313e5cf,NA,America/Los_Angeles,Mgr+,US,InternalCollaborator,Facilities,2,6,Director,2,01/09/2012,37,Employee Group 37,Marketing,WPAPUBLICDEMO.ONMICROSOFT.COM,0000000-0000-0000-0000-0000000000,FALSE,0.25
040000008200E00074C5B7101A82E0080000000046D95EB23322D90100000000000000001000000097992CC4303E6148A73B49C4BCB4E48D1673944200,2,1,0,0,0,0,0,0,0,0,Focus time,FALSE,FALSE,FALSE,1,0,0,0,1,17/01/2023 08:30,8e357da8-d9c2-3f2a-8b51-bac09377e49e,1c5f7232-c62f-419f-b58e-e0b99525509c,NA,Etc/UTC,Mgr+,US,InternalCollaborator,Biz Dev,1,14,Executive,1,08/01/2015,1,Employee Group 1,Operations,WPAPUBLICDEMO.ONMICROSOFT.COM,3773d00d-aa7b-4327-983a-013e82842959,TRUE,2
040000008200E00074C5B7101A82E008000000002D6D5ACFAF29D9010000000000000000100000003BA1E3F9C8A64C4FBBA5F9BE890D43E31674078300,0.25,1,0,0,0,0,0,0,0,0,Take a break,FALSE,FALSE,FALSE,1,0,0,0,1,18/01/2023 21:45,7407a274-f08a-3d6e-b3d4-137129a17c8e,169bf493-7f54-4550-a9ef-83ecb313e5cf,NA,America/Los_Angeles,Mgr+,US,InternalCollaborator,Facilities,2,6,Director,2,01/09/2012,37,Employee Group 37,Marketing,WPAPUBLICDEMO.ONMICROSOFT.COM,0000000-0000-0000-0000-0000000000,FALSE,0.25
040000008200E00074C5B7101A82E00800000000E3F216B18622D90100000000000000001000000061C0676BAA89724D8D3AFF83A5F4B1E21674059400,2,1,0,0,0,0,0,0,0,0,Focus time,FALSE,FALSE,FALSE,1,0,0,0,1,18/01/2023 16:30,7407a274-f08a-3d6e-b3d4-137129a17c8e,169bf493-7f54-4550-a9ef-83ecb313e5cf,NA,America/Los_Angeles,Mgr+,US,InternalCollaborator,Facilities,2,6,Director,2,01/09/2012,37,Employee Group 37,Marketing,WPAPUBLICDEMO.ONMICROSOFT.COM,0000000-0000-0000-0000-0000000000,FALSE,2
040000008200E00074C5B7101A82E0080000000023703BCFAF29D9010000000000000000100000003E9AA8C31EF78D42BE6E206EA1A497311674067500,0.25,1,0,0,0,0,0,0,0,0,Take a break,FALSE,FALSE,FALSE,1,0,0,0,1,18/01/2023 18:45,7407a274-f08a-3d6e-b3d4-137129a17c8e,169bf493-7f54-4550-a9ef-83ecb313e5cf,NA,America/Los_Angeles,Mgr+,US,InternalCollaborator,Facilities,2,6,Director,2,01/09/2012,37,Employee Group 37,Marketing,WPAPUBLICDEMO.ONMICROSOFT.COM,0000000-0000-0000-0000-0000000000,FALSE,0.25
040000008200E00074C5B7101A82E008000000001DE06FD28122D90100000000000000001000000080D7147796EC8C49A061937345CB24A11674061200,2,1,0,0,0,0,0,0,0,0,Focus time,FALSE,FALSE,FALSE,1,0,0,0,1,18/01/2023 17:00,889a5782-ce40-38b3-b44c-69953cf329b4,7c97a818-aa07-459d-a650-ebf352cce2f0,NA,America/Los_Angeles,Mgr+,US,InternalCollaborator,Finance-Corporate,5,14,Executive,1,30/05/2011,4,Employee Group 4,Finance,WPAPUBLICDEMO.ONMICROSOFT.COM,39124dce-a1e4-4bd0-b2d2-212a864cf67a,TRUE,2
040000008200E00074C5B7101A82E00807E70112C61ACB1B5D21D90100000000000000001000000032728B17A95ACB4D8D75795CC26B27791674072000,1,1,0,0,0,0,0,0,0,0,Lunch,FALSE,FALSE,TRUE,1,0,0,0,1,18/01/2023 20:00,d5775448-392e-33bd-8226-ae38b4a387ac,d619c590-6525-4a85-ae4d-b792ba558f50,NA,America/Los_Angeles,Mgr+,US,InternalCollaborator,Customer Service,1,6,Director,2,25/08/2012,27,Employee Group 27,Engineering,WPAPUBLICDEMO.ONMICROSOFT.COM,0000000-0000-0000-0000-0000000000,FALSE,1
040000008200E00074C5B7101A82E00807E70112188C62D41F02D8010000000000000000100000003BA3EF0A9CC56140B760EA9AD1B0971B1674000000,408,17,0,0,0,0,0,0,0,0,Canceled: No-meeting day,TRUE,TRUE,TRUE,1,17,0,0,18,18/01/2023 00:00,889a5782-ce40-38b3-b44c-69953cf329b4,7c97a818-aa07-459d-a650-ebf352cce2f0,NA,America/Los_Angeles,Mgr+,US,InternalCollaborator,Finance-Corporate,5,14,Executive,1,30/05/2011,4,Employee Group 4,Finance,WPAPUBLICDEMO.ONMICROSOFT.COM,39124dce-a1e4-4bd0-b2d2-212a864cf67a,TRUE,24
040000008200E00074C5B7101A82E00800000000BDA2F3827F22D9010000000000000000100000003EEF9C7542CC16488D3FEE583FEFF6481674059400,2,1,0,0,0,0,0,0,0,0,Focus time,FALSE,FALSE,FALSE,1,0,0,0,1,18/01/2023 16:30,f8ed6de3-7463-3a45-bbf6-026bb89424c0,aecc65cc-4ffa-4f88-9469-805953a2f4e4,NA,America/Los_Angeles,Mgr+,US,InternalCollaborator,Human Resources,3,14,Executive,1,11/07/2012,12,Employee Group 12,Operations,WPAPUBLICDEMO.ONMICROSOFT.COM,654a4f57-5b27-63c5-a500-849df79cb3b8,TRUE,2
040000008200E00074C5B7101A82E0080000000023107EB23322D90100000000000000001000000054DF6C32B879DF4DADE47B682688645C1674030600,2,1,0,0,0,0,0,0,0,0,Focus time,FALSE,FALSE,FALSE,1,0,0,0,1,18/01/2023 08:30,8e357da8-d9c2-3f2a-8b51-bac09377e49e,1c5f7232-c62f-419f-b58e-e0b99525509c,NA,Etc/UTC,Mgr+,US,InternalCollaborator,Biz Dev,1,14,Executive,1,08/01/2015,1,Employee Group 1,Operations,WPAPUBLICDEMO.ONMICROSOFT.COM,3773d00d-aa7b-4327-983a-013e82842959,TRUE,2
040000008200E00074C5B7101A82E0080000000018FC709A8522D901000000000000000010000000D9B1C6C15224F441B3C4E260B67DD1671674059400,2,1,0,0,0,0,0,0,0,0,Focus time,FALSE,FALSE,FALSE,1,0,0,0,1,18/01/2023 16:30,d5775448-392e-33bd-8226-ae38b4a387ac,d619c590-6525-4a85-ae4d-b792ba558f50,NA,America/Los_Angeles,Mgr+,US,InternalCollaborator,Customer Service,1,6,Director,2,25/08/2012,27,Employee Group 27,Engineering,WPAPUBLICDEMO.ONMICROSOFT.COM,0000000-0000-0000-0000-0000000000,FALSE,2
040000008200E00074C5B7101A82E00807E701132BE5955A2D24D801000000000000000010000000D87A0EA90A1288449B3C7F74B97FC42B1674086400,144,6,0,0,0,0,0,0,0,0,No-meeting day,TRUE,FALSE,TRUE,1,6,0,0,7,19/01/2023 00:00,bb097379-891f-3c7a-ab9b-bd723329dda5,44769754-9af5-4310-9007-c0ba986848d7,NA,America/Los_Angeles,Mgr+,US,InternalCollaborator,Biz Dev,0,6,Director,2,01/12/2013,17,Employee Group 17,Operations,WPAPUBLICDEMO.ONMICROSOFT.COM,3d7ed447-75a5-6488-a5d5-b45798a6fa17,TRUE,24
040000008200E00074C5B7101A82E0080000000011A89AB23322D90100000000000000001000000047DEBFA9773D1A4CB0A44AB3D950CCED1674117000,2,1,0,0,0,0,0,0,0,0,Focus time,FALSE,FALSE,FALSE,1,0,0,0,1,19/01/2023 08:30,8e357da8-d9c2-3f2a-8b51-bac09377e49e,1c5f7232-c62f-419f-b58e-e0b99525509c,NA,Etc/UTC,Mgr+,US,InternalCollaborator,Biz Dev,1,14,Executive,1,08/01/2015,1,Employee Group 1,Operations,WPAPUBLICDEMO.ONMICROSOFT.COM,3773d00d-aa7b-4327-983a-013e82842959,TRUE,2
040000008200E00074C5B7101A82E00807E70113C61ACB1B5D21D90100000000000000001000000032728B17A95ACB4D8D75795CC26B27791674158400,1,1,0,0,0,0,0,0,0,0,Lunch,FALSE,FALSE,TRUE,1,0,0,0,1,19/01/2023 20:00,d5775448-392e-33bd-8226-ae38b4a387ac,d619c590-6525-4a85-ae4d-b792ba558f50,NA,America/Los_Angeles,Mgr+,US,InternalCollaborator,Customer Service,1,6,Director,2,25/08/2012,27,Employee Group 27,Engineering,WPAPUBLICDEMO.ONMICROSOFT.COM,0000000-0000-0000-0000-0000000000,FALSE,1
040000008200E00074C5B7101A82E008000000002E0A77CFAF29D901000000000000000010000000C787211D2DCDAB42BD551B63399F707A1674153900,0.25,1,0,0,0,0,0,0,0,0,Take a break,FALSE,FALSE,FALSE,1,0,0,0,1,19/01/2023 18:45,7407a274-f08a-3d6e-b3d4-137129a17c8e,169bf493-7f54-4550-a9ef-83ecb313e5cf,NA,America/Los_Angeles,Mgr+,US,InternalCollaborator,Facilities,2,6,Director,2,01/09/2012,37,Employee Group 37,Marketing,WPAPUBLICDEMO.ONMICROSOFT.COM,0000000-0000-0000-0000-0000000000,FALSE,0.25
040000008200E00074C5B7101A82E00800000000591F36B18622D9010000000000000000100000002087B760A93E5841A22C32DDD966DCE01674145800,2,1,0,0,0,0,0,0,0,0,Focus time,FALSE,FALSE,FALSE,1,0,0,0,1,19/01/2023 16:30,7407a274-f08a-3d6e-b3d4-137129a17c8e,169bf493-7f54-4550-a9ef-83ecb313e5cf,NA,America/Los_Angeles,Mgr+,US,InternalCollaborator,Facilities,2,6,Director,2,01/09/2012,37,Employee Group 37,Marketing,WPAPUBLICDEMO.ONMICROSOFT.COM,0000000-0000-0000-0000-0000000000,FALSE,2
040000008200E00074C5B7101A82E0080000000005D2889A8522D9010000000000000000100000000DE93DB68EA3FF4C95D342350CB397AE1674145800,2,1,0,0,0,0,0,0,0,0,Focus time,FALSE,FALSE,FALSE,1,0,0,0,1,19/01/2023 16:30,d5775448-392e-33bd-8226-ae38b4a387ac,d619c590-6525-4a85-ae4d-b792ba558f50,NA,America/Los_Angeles,Mgr+,US,InternalCollaborator,Customer Service,1,6,Director,2,25/08/2012,27,Employee Group 27,Engineering,WPAPUBLICDEMO.ONMICROSOFT.COM,0000000-0000-0000-0000-0000000000,FALSE,2
040000008200E00074C5B7101A82E00800000000320596CFAF29D9010000000000000000100000000D2CBD72B19E9E4684EF64B3E69793F21674164700,0.25,1,0,0,0,0,0,0,0,0,Take a break,FALSE,FALSE,FALSE,1,0,0,0,1,19/01/2023 21:45,7407a274-f08a-3d6e-b3d4-137129a17c8e,169bf493-7f54-4550-a9ef-83ecb313e5cf,NA,America/Los_Angeles,Mgr+,US,InternalCollaborator,Facilities,2,6,Director,2,01/09/2012,37,Employee Group 37,Marketing,WPAPUBLICDEMO.ONMICROSOFT.COM,0000000-0000-0000-0000-0000000000,FALSE,0.25
040000008200E00074C5B7101A82E00800000000C7C719837F22D90100000000000000001000000085EEEAE2E39E1B4FAEFFD691435B29221674145800,2,1,0,0,0,0,0,0,0,0,Focus time,FALSE,FALSE,FALSE,1,0,0,0,1,19/01/2023 16:30,f8ed6de3-7463-3a45-bbf6-026bb89424c0,aecc65cc-4ffa-4f88-9469-805953a2f4e4,NA,America/Los_Angeles,Mgr+,US,InternalCollaborator,Human Resources,3,14,Executive,1,11/07/2012,12,Employee Group 12,Operations,WPAPUBLICDEMO.ONMICROSOFT.COM,654a4f57-5b27-63c5-a500-849df79cb3b8,TRUE,2
040000008200E00074C5B7101A82E00807E70114C61ACB1B5D21D90100000000000000001000000032728B17A95ACB4D8D75795CC26B27791674244800,1,1,0,0,0,0,0,0,0,0,Lunch,FALSE,FALSE,TRUE,1,0,0,0,1,20/01/2023 20:00,d5775448-392e-33bd-8226-ae38b4a387ac,d619c590-6525-4a85-ae4d-b792ba558f50,NA,America/Los_Angeles,Mgr+,US,InternalCollaborator,Customer Service,1,6,Director,2,25/08/2012,27,Employee Group 27,Engineering,WPAPUBLICDEMO.ONMICROSOFT.COM,0000000-0000-0000-0000-0000000000,FALSE,1
040000008200E00074C5B7101A82E0080000000042DD8ED28122D9010000000000000000100000009AF6A089E62CBC449EF7EC99110B3B241674234000,2,1,0,0,0,0,0,0,0,0,Focus time,FALSE,FALSE,FALSE,1,0,0,0,1,20/01/2023 17:00,889a5782-ce40-38b3-b44c-69953cf329b4,7c97a818-aa07-459d-a650-ebf352cce2f0,NA,America/Los_Angeles,Mgr+,US,InternalCollaborator,Finance-Corporate,5,14,Executive,1,30/05/2011,4,Employee Group 4,Finance,WPAPUBLICDEMO.ONMICROSOFT.COM,39124dce-a1e4-4bd0-b2d2-212a864cf67a,TRUE,2
040000008200E00074C5B7101A82E008000000002D16EEB23322D9010000000000000000100000006968183ED26C5C49B348514CC91B64C21674203400,2,1,0,0,0,0,0,0,0,0,Focus time,FALSE,FALSE,FALSE,1,0,0,0,1,20/01/2023 08:30,8e357da8-d9c2-3f2a-8b51-bac09377e49e,1c5f7232-c62f-419f-b58e-e0b99525509c,NA,Etc/UTC,Mgr+,US,InternalCollaborator,Biz Dev,1,14,Executive,1,08/01/2015,1,Employee Group 1,Operations,WPAPUBLICDEMO.ONMICROSOFT.COM,3773d00d-aa7b-4327-983a-013e82842959,TRUE,2
040000008200E00074C5B7101A82E00800000000EACCA79A8522D9010000000000000000100000003C68ACF15EA9EA4A9D52E4B0ADA14A351674232200,2,1,0,0,0,0,0,0,0,0,Focus time,FALSE,FALSE,FALSE,1,0,0,0,1,20/01/2023 16:30,d5775448-392e-33bd-8226-ae38b4a387ac,d619c590-6525-4a85-ae4d-b792ba558f50,NA,America/Los_Angeles,Mgr+,US,InternalCollaborator,Customer Service,1,6,Director,2,25/08/2012,27,Employee Group 27,Engineering,WPAPUBLICDEMO.ONMICROSOFT.COM,0000000-0000-0000-0000-0000000000,FALSE,2
040000008200E00074C5B7101A82E00800000000365650B18622D901000000000000000010000000F7AC6829356E3F4BAE049AFCF6B8F9A01674232200,2,1,0,0,0,0,0,0,0,0,Focus time,FALSE,FALSE,FALSE,1,0,0,0,1,20/01/2023 16:30,7407a274-f08a-3d6e-b3d4-137129a17c8e,169bf493-7f54-4550-a9ef-83ecb313e5cf,NA,America/Los_Angeles,Mgr+,US,InternalCollaborator,Facilities,2,6,Director,2,01/09/2012,37,Employee Group 37,Marketing,WPAPUBLICDEMO.ONMICROSOFT.COM,0000000-0000-0000-0000-0000000000,FALSE,2
040000008200E00074C5B7101A82E008000000007A76CACFAF29D90100000000000000001000000088DA375671E3C142B658FC3529C8822D1674251100,0.25,1,0,0,0,0,0,0,0,0,Take a break,FALSE,FALSE,FALSE,1,0,0,0,1,20/01/2023 21:45,7407a274-f08a-3d6e-b3d4-137129a17c8e,169bf493-7f54-4550-a9ef-83ecb313e5cf,NA,America/Los_Angeles,Mgr+,US,InternalCollaborator,Facilities,2,6,Director,2,01/09/2012,37,Employee Group 37,Marketing,WPAPUBLICDEMO.ONMICROSOFT.COM,0000000-0000-0000-0000-0000000000,FALSE,0.25
040000008200E00074C5B7101A82E00800000000E33DB0CFAF29D901000000000000000010000000AD7A404D86965C4B97AA9345016CE8571674240300,0.25,1,0,0,0,0,0,0,0,0,Take a break,FALSE,FALSE,FALSE,1,0,0,0,1,20/01/2023 18:45,7407a274-f08a-3d6e-b3d4-137129a17c8e,169bf493-7f54-4550-a9ef-83ecb313e5cf,NA,America/Los_Angeles,Mgr+,US,InternalCollaborator,Facilities,2,6,Director,2,01/09/2012,37,Employee Group 37,Marketing,WPAPUBLICDEMO.ONMICROSOFT.COM,0000000-0000-0000-0000-0000000000,FALSE,0.25
040000008200E00074C5B7101A82E00807E70115A53A195AF3A3D801000000000000000010000000DA977C8D33EDA0459DA7F6CB2EAF35E31674259200,216,9,0,0,0,0,0,0,0,0,<U+7121><U+6703><U+8B70><U+65E5>,TRUE,FALSE,TRUE,1,10,0,0,11,21/01/2023 00:00,7407a274-f08a-3d6e-b3d4-137129a17c8e,169bf493-7f54-4550-a9ef-83ecb313e5cf,NA,America/Los_Angeles,Mgr+,US,InternalCollaborator,Facilities,2,6,Director,2,01/09/2012,37,Employee Group 37,Marketing,WPAPUBLICDEMO.ONMICROSOFT.COM,0000000-0000-0000-0000-0000000000,FALSE,24
040000008200E00074C5B7101A82E00807E701150C225123ACE2D7010000000000000000100000006B1061F14266C448936F870C3F5AE8411674259200,312,13,0,0,0,0,0,0,0,0,Canceled: No-meeting day,TRUE,TRUE,TRUE,1,13,0,0,14,21/01/2023 00:00,f8ed6de3-7463-3a45-bbf6-026bb89424c0,aecc65cc-4ffa-4f88-9469-805953a2f4e4,NA,America/Los_Angeles,Mgr+,US,InternalCollaborator,Human Resources,3,14,Executive,1,11/07/2012,12,Employee Group 12,Operations,WPAPUBLICDEMO.ONMICROSOFT.COM,654a4f57-5b27-63c5-a500-849df79cb3b8,TRUE,24
040000008200E00074C5B7101A82E00800000000A11532A0082FD9010000000000000000100000005D8C3A1AF24D5E47918C7B97872148AF1674464400,0.5,1,0,0,0,0,0,0,0,0,Cancel dummy check,FALSE,FALSE,FALSE,1,1,0,0,2,23/01/2023 09:00,f8ed6de3-7463-3a45-bbf6-026bb89424c0,aecc65cc-4ffa-4f88-9469-805953a2f4e4,NA,America/Los_Angeles,Mgr+,US,InternalCollaborator,Human Resources,3,14,Executive,1,11/07/2012,12,Employee Group 12,Operations,WPAPUBLICDEMO.ONMICROSOFT.COM,654a4f57-5b27-63c5-a500-849df79cb3b8,TRUE,0.5
040000008200E00074C5B7101A82E0080000000068C191AD0728D90100000000000000001000000030319EEA4CF9894A929FF71B69EEAB391674493200,2,1,0,0,0,0,0,0,0,0,Focus time,FALSE,FALSE,FALSE,1,0,0,0,1,23/01/2023 17:00,889a5782-ce40-38b3-b44c-69953cf329b4,7c97a818-aa07-459d-a650-ebf352cce2f0,NA,America/Los_Angeles,Mgr+,US,InternalCollaborator,Finance-Corporate,5,14,Executive,1,30/05/2011,4,Employee Group 4,Finance,WPAPUBLICDEMO.ONMICROSOFT.COM,39124dce-a1e4-4bd0-b2d2-212a864cf67a,TRUE,2
040000008200E00074C5B7101A82E00800000000ACA83900FE27D901000000000000000010000000CEEE4F6D0A030145A3BDE7BFC759DC021674491400,2,1,0,0,0,0,0,0,0,0,Focus time,FALSE,FALSE,FALSE,1,0,0,0,1,23/01/2023 16:30,d5775448-392e-33bd-8226-ae38b4a387ac,d619c590-6525-4a85-ae4d-b792ba558f50,NA,America/Los_Angeles,Mgr+,US,InternalCollaborator,Customer Service,1,6,Director,2,25/08/2012,27,Employee Group 27,Engineering,WPAPUBLICDEMO.ONMICROSOFT.COM,0000000-0000-0000-0000-0000000000,FALSE,2
040000008200E00074C5B7101A82E00807E70117C61ACB1B5D21D90100000000000000001000000032728B17A95ACB4D8D75795CC26B27791674504000,1,1,0,0,0,0,0,0,0,0,Lunch,FALSE,FALSE,TRUE,1,0,0,0,1,23/01/2023 20:00,d5775448-392e-33bd-8226-ae38b4a387ac,d619c590-6525-4a85-ae4d-b792ba558f50,NA,America/Los_Angeles,Mgr+,US,InternalCollaborator,Customer Service,1,6,Director,2,25/08/2012,27,Employee Group 27,Engineering,WPAPUBLICDEMO.ONMICROSOFT.COM,0000000-0000-0000-0000-0000000000,FALSE,1
040000008200E00074C5B7101A82E008000000005F40E7CFAF29D90100000000000000001000000096D125B0BEAE3740B801BCB19075ECD31674499500,0.25,1,0,0,0,0,0,0,0,0,Take a break,FALSE,FALSE,FALSE,1,0,0,0,1,23/01/2023 18:45,7407a274-f08a-3d6e-b3d4-137129a17c8e,169bf493-7f54-4550-a9ef-83ecb313e5cf,NA,America/Los_Angeles,Mgr+,US,InternalCollaborator,Facilities,2,6,Director,2,01/09/2012,37,Employee Group 37,Marketing,WPAPUBLICDEMO.ONMICROSOFT.COM,0000000-0000-0000-0000-0000000000,FALSE,0.25
040000008200E00074C5B7101A82E008000000009F81E0570B28D9010000000000000000100000005EF6362137E1E24C8D34C345A0E1D02D1674491400,2,1,0,0,0,0,0,0,0,0,Focus time,FALSE,FALSE,FALSE,1,0,0,0,1,23/01/2023 16:30,f8ed6de3-7463-3a45-bbf6-026bb89424c0,aecc65cc-4ffa-4f88-9469-805953a2f4e4,NA,America/Los_Angeles,Mgr+,US,InternalCollaborator,Human Resources,3,14,Executive,1,11/07/2012,12,Employee Group 12,Operations,WPAPUBLICDEMO.ONMICROSOFT.COM,654a4f57-5b27-63c5-a500-849df79cb3b8,TRUE,2
040000008200E00074C5B7101A82E0080000000087DC03D0AF29D9010000000000000000100000009BC8B294446DEA4DB3D7AF825459D9891674510300,0.25,1,0,0,0,0,0,0,0,0,Take a break,FALSE,FALSE,FALSE,1,0,0,0,1,23/01/2023 21:45,7407a274-f08a-3d6e-b3d4-137129a17c8e,169bf493-7f54-4550-a9ef-83ecb313e5cf,NA,America/Los_Angeles,Mgr+,US,InternalCollaborator,Facilities,2,6,Director,2,01/09/2012,37,Employee Group 37,Marketing,WPAPUBLICDEMO.ONMICROSOFT.COM,0000000-0000-0000-0000-0000000000,FALSE,0.25
040000008200E00074C5B7101A82E0080000000010E5E888022FD901000000000000000010000000EC78A4913CC08F42AB59DF7526D577C41674473400,8,1,0,0,0,0,0,0,0,0,Dummy Decline Test,FALSE,FALSE,FALSE,1,1,0,0,2,23/01/2023 11:30,NA,NA,NA,NA,NA,NA,NA,NA,NA,NA,NA,NA,NA,NA,NA,NA,NA,NA,NA,10
040000008200E00074C5B7101A82E008000000002A3A3C2FCD27D901000000000000000010000000C704EC4D8D177648A68A04EBE79C48C61674462600,2,1,0,0,0,0,0,0,0,0,Focus time,FALSE,FALSE,FALSE,1,0,0,0,1,23/01/2023 08:30,8e357da8-d9c2-3f2a-8b51-bac09377e49e,1c5f7232-c62f-419f-b58e-e0b99525509c,NA,Etc/UTC,Mgr+,US,InternalCollaborator,Biz Dev,1,14,Executive,1,08/01/2015,1,Employee Group 1,Operations,WPAPUBLICDEMO.ONMICROSOFT.COM,3773d00d-aa7b-4327-983a-013e82842959,TRUE,2
040000008200E00074C5B7101A82E00800000000E6DEE98C0128D901000000000000000010000000A42B60423C894D46B6AB74EB968D0E681674491400,2,1,0,0,0,0,0,0,0,0,Focus time,FALSE,FALSE,FALSE,1,0,0,0,1,23/01/2023 16:30,7407a274-f08a-3d6e-b3d4-137129a17c8e,169bf493-7f54-4550-a9ef-83ecb313e5cf,NA,America/Los_Angeles,Mgr+,US,InternalCollaborator,Facilities,2,6,Director,2,01/09/2012,37,Employee Group 37,Marketing,WPAPUBLICDEMO.ONMICROSOFT.COM,0000000-0000-0000-0000-0000000000,FALSE,2
040000008200E00074C5B7101A82E00800000000219F36830C30D901000000000000000010000000073F65E39EF1144C974DBC1D0FB0F47E1674586800,1,1,0,0,0,0,0,0,0,0,<U+30D5><U+30A9><U+30FC><U+30AB><U+30B9><U+6642><U+9593>,FALSE,FALSE,FALSE,1,0,0,0,1,24/01/2023 19:00,7407a274-f08a-3d6e-b3d4-137129a17c8e,169bf493-7f54-4550-a9ef-83ecb313e5cf,NA,America/Los_Angeles,Mgr+,US,InternalCollaborator,Facilities,2,6,Director,2,01/09/2012,37,Employee Group 37,Marketing,WPAPUBLICDEMO.ONMICROSOFT.COM,0000000-0000-0000-0000-0000000000,FALSE,1
040000008200E00074C5B7101A82E0080000000038C3A740FB2FD9010000000000000000100000008D7ECA656781A645AEB5E6311C8D314E1674594000,0.16666667,1,0,0,0,0,0,0,0,0,Take a break,FALSE,FALSE,FALSE,1,0,0,0,1,24/01/2023 21:00,7407a274-f08a-3d6e-b3d4-137129a17c8e,169bf493-7f54-4550-a9ef-83ecb313e5cf,NA,America/Los_Angeles,Mgr+,US,InternalCollaborator,Facilities,2,6,Director,2,01/09/2012,37,Employee Group 37,Marketing,WPAPUBLICDEMO.ONMICROSOFT.COM,0000000-0000-0000-0000-0000000000,FALSE,0.166666667
040000008200E00074C5B7101A82E0080000000025E32B590B28D901000000000000000010000000F60D2F3266AC704E9F127DD99D77C3381674577800,2,1,0,0,0,0,0,0,0,0,Focus time,FALSE,FALSE,FALSE,1,0,0,0,1,24/01/2023 16:30,f8ed6de3-7463-3a45-bbf6-026bb89424c0,aecc65cc-4ffa-4f88-9469-805953a2f4e4,NA,America/Los_Angeles,Mgr+,US,InternalCollaborator,Human Resources,3,14,Executive,1,11/07/2012,12,Employee Group 12,Operations,WPAPUBLICDEMO.ONMICROSOFT.COM,654a4f57-5b27-63c5-a500-849df79cb3b8,TRUE,2
040000008200E00074C5B7101A82E00800000000BC69B32FCD27D901000000000000000010000000638280BC6DF2D149B1708C7A0D74DBAF1674549000,2,1,0,0,0,0,0,0,0,0,Focus time,FALSE,FALSE,FALSE,1,0,0,0,1,24/01/2023 08:30,8e357da8-d9c2-3f2a-8b51-bac09377e49e,1c5f7232-c62f-419f-b58e-e0b99525509c,NA,Etc/UTC,Mgr+,US,InternalCollaborator,Biz Dev,1,14,Executive,1,08/01/2015,1,Employee Group 1,Operations,WPAPUBLICDEMO.ONMICROSOFT.COM,3773d00d-aa7b-4327-983a-013e82842959,TRUE,2
040000008200E00074C5B7101A82E00800000000B5187340FB2FD90100000000000000001000000063D7D78F7327E742AB8A3F87A3CBDB8D1674577800,2,1,0,0,0,0,0,0,0,0,Focus time,FALSE,FALSE,FALSE,1,0,0,0,1,24/01/2023 16:30,7407a274-f08a-3d6e-b3d4-137129a17c8e,169bf493-7f54-4550-a9ef-83ecb313e5cf,NA,America/Los_Angeles,Mgr+,US,InternalCollaborator,Facilities,2,6,Director,2,01/09/2012,37,Employee Group 37,Marketing,WPAPUBLICDEMO.ONMICROSOFT.COM,0000000-0000-0000-0000-0000000000,FALSE,2
040000008200E00074C5B7101A82E00807E70118FD43784EFB2FD901000000000000000010000000CAE41AFF809F124DBFD784B86AB960B31674518400,47,2,1,0,0,0,0,2,1,0,Møtefri dag,TRUE,FALSE,TRUE,1,1,0,0,2,24/01/2023 00:00,d5775448-392e-33bd-8226-ae38b4a387ac,d619c590-6525-4a85-ae4d-b792ba558f50,NA,America/Los_Angeles,Mgr+,US,InternalCollaborator,Customer Service,1,6,Director,2,25/08/2012,27,Employee Group 27,Engineering,WPAPUBLICDEMO.ONMICROSOFT.COM,0000000-0000-0000-0000-0000000000,FALSE,24
040000008200E00074C5B7101A82E0080000000060518D40FB2FD9010000000000000000100000005AA074C94F3D5342AC0B0949356A2D231674585000,0.16666667,1,0,0,0,0,0,0,0,0,Take a break,FALSE,FALSE,FALSE,1,0,0,0,1,24/01/2023 18:30,7407a274-f08a-3d6e-b3d4-137129a17c8e,169bf493-7f54-4550-a9ef-83ecb313e5cf,NA,America/Los_Angeles,Mgr+,US,InternalCollaborator,Facilities,2,6,Director,2,01/09/2012,37,Employee Group 37,Marketing,WPAPUBLICDEMO.ONMICROSOFT.COM,0000000-0000-0000-0000-0000000000,FALSE,0.166666667
040000008200E00074C5B7101A82E00807E70118C61ACB1B5D21D90100000000000000001000000032728B17A95ACB4D8D75795CC26B27791674590400,1,1,0,0,0,0,0,0,0,0,Lunch,FALSE,FALSE,TRUE,1,0,0,0,1,24/01/2023 20:00,d5775448-392e-33bd-8226-ae38b4a387ac,d619c590-6525-4a85-ae4d-b792ba558f50,NA,America/Los_Angeles,Mgr+,US,InternalCollaborator,Customer Service,1,6,Director,2,25/08/2012,27,Employee Group 27,Engineering,WPAPUBLICDEMO.ONMICROSOFT.COM,0000000-0000-0000-0000-0000000000,FALSE,1
040000008200E00074C5B7101A82E00807E70119C61ACB1B5D21D90100000000000000001000000032728B17A95ACB4D8D75795CC26B27791674676800,1,1,0,0,0,0,0,0,0,0,Lunch,FALSE,FALSE,TRUE,1,0,0,0,1,25/01/2023 20:00,d5775448-392e-33bd-8226-ae38b4a387ac,d619c590-6525-4a85-ae4d-b792ba558f50,NA,America/Los_Angeles,Mgr+,US,InternalCollaborator,Customer Service,1,6,Director,2,25/08/2012,27,Employee Group 27,Engineering,WPAPUBLICDEMO.ONMICROSOFT.COM,0000000-0000-0000-0000-0000000000,FALSE,1
040000008200E00074C5B7101A82E008000000002E77BAAD0728D901000000000000000010000000D0C74200F1286B48BC571A09882060261674666000,2,1,0,0,0,0,0,0,0,0,Focus time,FALSE,FALSE,FALSE,1,0,0,0,1,25/01/2023 17:00,889a5782-ce40-38b3-b44c-69953cf329b4,7c97a818-aa07-459d-a650-ebf352cce2f0,NA,America/Los_Angeles,Mgr+,US,InternalCollaborator,Finance-Corporate,5,14,Executive,1,30/05/2011,4,Employee Group 4,Finance,WPAPUBLICDEMO.ONMICROSOFT.COM,39124dce-a1e4-4bd0-b2d2-212a864cf67a,TRUE,2
040000008200E00074C5B7101A82E00800000000345EC440FB2FD901000000000000000010000000B0D0AF6DFA7EC1438A657DFBC8F738F61674664200,2.5,1,0,0,0,0,0,0,0,0,Focus time,FALSE,FALSE,FALSE,1,0,0,0,1,25/01/2023 16:30,7407a274-f08a-3d6e-b3d4-137129a17c8e,169bf493-7f54-4550-a9ef-83ecb313e5cf,NA,America/Los_Angeles,Mgr+,US,InternalCollaborator,Facilities,2,6,Director,2,01/09/2012,37,Employee Group 37,Marketing,WPAPUBLICDEMO.ONMICROSOFT.COM,0000000-0000-0000-0000-0000000000,FALSE,3
040000008200E00074C5B7101A82E0080000000069AB0B83E330D90100000000000000001000000077FB676E1C1F88428EBA2920BCD02ACE1674673200,1.5,1,0,0,0,0,0,0,0,0,Cas na intenzivní práci,FALSE,FALSE,FALSE,1,0,0,0,1,25/01/2023 19:00,7407a274-f08a-3d6e-b3d4-137129a17c8e,169bf493-7f54-4550-a9ef-83ecb313e5cf,NA,America/Los_Angeles,Mgr+,US,InternalCollaborator,Facilities,2,6,Director,2,01/09/2012,37,Employee Group 37,Marketing,WPAPUBLICDEMO.ONMICROSOFT.COM,0000000-0000-0000-0000-0000000000,FALSE,1.5
040000008200E00074C5B7101A82E008000000003ACB5A7AE630D901000000000000000010000000A9054C2236FE3A438327B7824330AB9E1674684000,2,1,0,0,0,0,0,0,0,0,Focus time,FALSE,FALSE,FALSE,1,0,0,0,1,25/01/2023 22:00,d5775448-392e-33bd-8226-ae38b4a387ac,d619c590-6525-4a85-ae4d-b792ba558f50,NA,America/Los_Angeles,Mgr+,US,InternalCollaborator,Customer Service,1,6,Director,2,25/08/2012,27,Employee Group 27,Engineering,WPAPUBLICDEMO.ONMICROSOFT.COM,0000000-0000-0000-0000-0000000000,FALSE,2
040000008200E00074C5B7101A82E00800000000422BD72FCD27D9010000000000000000100000008CDFF3432FC8354DA9E6F9EF9446DDC71674635400,2,1,0,0,0,0,0,0,0,0,Focus time,FALSE,FALSE,FALSE,1,0,0,0,1,25/01/2023 08:30,8e357da8-d9c2-3f2a-8b51-bac09377e49e,1c5f7232-c62f-419f-b58e-e0b99525509c,NA,Etc/UTC,Mgr+,US,InternalCollaborator,Biz Dev,1,14,Executive,1,08/01/2015,1,Employee Group 1,Operations,WPAPUBLICDEMO.ONMICROSOFT.COM,3773d00d-aa7b-4327-983a-013e82842959,TRUE,2
040000008200E00074C5B7101A82E00807E70119188C62D41F02D8010000000000000000100000003BA3EF0A9CC56140B760EA9AD1B0971B1674604800,408,17,0,0,0,0,0,0,0,0,Canceled: No-meeting day,TRUE,TRUE,TRUE,1,17,0,0,18,25/01/2023 00:00,889a5782-ce40-38b3-b44c-69953cf329b4,7c97a818-aa07-459d-a650-ebf352cce2f0,NA,America/Los_Angeles,Mgr+,US,InternalCollaborator,Finance-Corporate,5,14,Executive,1,30/05/2011,4,Employee Group 4,Finance,WPAPUBLICDEMO.ONMICROSOFT.COM,39124dce-a1e4-4bd0-b2d2-212a864cf67a,TRUE,24
040000008200E00074C5B7101A82E008000000001188F840FB2FD90100000000000000001000000065F15C54F591C34FA86CB9A19D2BB0E81674679200,0.16666667,1,0,0,0,0,0,0,0,0,Take a break,FALSE,FALSE,FALSE,1,0,0,0,1,25/01/2023 20:40,7407a274-f08a-3d6e-b3d4-137129a17c8e,169bf493-7f54-4550-a9ef-83ecb313e5cf,NA,America/Los_Angeles,Mgr+,US,InternalCollaborator,Facilities,2,6,Director,2,01/09/2012,37,Employee Group 37,Marketing,WPAPUBLICDEMO.ONMICROSOFT.COM,0000000-0000-0000-0000-0000000000,FALSE,0.166666667
040000008200E00074C5B7101A82E00800000000C6329A010B30D90100000000000000001000000024C3F22B85034847BBF49C548D2F557C1674683100,0.083333336,1,0,0,0,0,0,0,0,0,Take a break,FALSE,FALSE,FALSE,1,0,0,0,1,25/01/2023 21:45,d5775448-392e-33bd-8226-ae38b4a387ac,d619c590-6525-4a85-ae4d-b792ba558f50,NA,America/Los_Angeles,Mgr+,US,InternalCollaborator,Customer Service,1,6,Director,2,25/08/2012,27,Employee Group 27,Engineering,WPAPUBLICDEMO.ONMICROSOFT.COM,0000000-0000-0000-0000-0000000000,FALSE,0.083333333
040000008200E00074C5B7101A82E008000000005BDD88590B28D9010000000000000000100000008EF8FDE63DF79D45AF653DA48596CED71674664200,2,1,0,0,0,0,0,0,0,0,Focus time,FALSE,FALSE,FALSE,1,0,0,0,1,25/01/2023 16:30,f8ed6de3-7463-3a45-bbf6-026bb89424c0,aecc65cc-4ffa-4f88-9469-805953a2f4e4,NA,America/Los_Angeles,Mgr+,US,InternalCollaborator,Human Resources,3,14,Executive,1,11/07/2012,12,Employee Group 12,Operations,WPAPUBLICDEMO.ONMICROSOFT.COM,654a4f57-5b27-63c5-a500-849df79cb3b8,TRUE,2
040000008200E00074C5B7101A82E008000000002EFA7F010B30D9010000000000000000100000008565FF15CF419441B3AE1B73910634141674672300,0.083333336,1,0,0,0,0,0,0,0,0,Take a break,FALSE,FALSE,FALSE,1,0,0,0,1,25/01/2023 18:45,d5775448-392e-33bd-8226-ae38b4a387ac,d619c590-6525-4a85-ae4d-b792ba558f50,NA,America/Los_Angeles,Mgr+,US,InternalCollaborator,Customer Service,1,6,Director,2,25/08/2012,27,Employee Group 27,Engineering,WPAPUBLICDEMO.ONMICROSOFT.COM,0000000-0000-0000-0000-0000000000,FALSE,0.083333333
040000008200E00074C5B7101A82E00807E7011A2BE5955A2D24D801000000000000000010000000D87A0EA90A1288449B3C7F74B97FC42B1674691200,144,6,0,0,0,0,0,0,0,0,No-meeting day,TRUE,FALSE,TRUE,1,6,0,0,7,26/01/2023 00:00,bb097379-891f-3c7a-ab9b-bd723329dda5,44769754-9af5-4310-9007-c0ba986848d7,NA,America/Los_Angeles,Mgr+,US,InternalCollaborator,Biz Dev,0,6,Director,2,01/12/2013,17,Employee Group 17,Operations,WPAPUBLICDEMO.ONMICROSOFT.COM,3d7ed447-75a5-6488-a5d5-b45798a6fa17,TRUE,24
040000008200E00074C5B7101A82E008000000008DF599ACA731D901000000000000000010000000EAEBF21CCEDF92488571DEF5DEC0F1E31674766800,2,1,0,0,0,0,0,0,0,0,Focus time,FALSE,FALSE,FALSE,1,0,0,0,1,26/01/2023 21:00,7407a274-f08a-3d6e-b3d4-137129a17c8e,169bf493-7f54-4550-a9ef-83ecb313e5cf,NA,America/Los_Angeles,Mgr+,US,InternalCollaborator,Facilities,2,6,Director,2,01/09/2012,37,Employee Group 37,Marketing,WPAPUBLICDEMO.ONMICROSOFT.COM,0000000-0000-0000-0000-0000000000,FALSE,2
040000008200E00074C5B7101A82E00800000000826FFCB19431D901000000000000000010000000EE0851205EA2FC418B13CD72666857A21674770400,2,1,0,0,0,0,0,0,0,0,Odaklanma zamani,FALSE,FALSE,FALSE,1,0,0,0,1,26/01/2023 22:00,d5775448-392e-33bd-8226-ae38b4a387ac,d619c590-6525-4a85-ae4d-b792ba558f50,NA,America/Los_Angeles,Mgr+,US,InternalCollaborator,Customer Service,1,6,Director,2,25/08/2012,27,Employee Group 27,Engineering,WPAPUBLICDEMO.ONMICROSOFT.COM,0000000-0000-0000-0000-0000000000,FALSE,2
040000008200E00074C5B7101A82E00800000000256E338A7631D901000000000000000010000000C7C6885A1E15064388ABB2F114C4D82D1674758700,0.083333336,1,0,0,0,0,0,0,0,0,Take a break,FALSE,FALSE,FALSE,1,0,0,0,1,26/01/2023 18:45,d5775448-392e-33bd-8226-ae38b4a387ac,d619c590-6525-4a85-ae4d-b792ba558f50,NA,America/Los_Angeles,Mgr+,US,InternalCollaborator,Customer Service,1,6,Director,2,25/08/2012,27,Employee Group 27,Engineering,WPAPUBLICDEMO.ONMICROSOFT.COM,0000000-0000-0000-0000-0000000000,FALSE,0.083333333
040000008200E00074C5B7101A82E00800000000128746ACA731D90100000000000000001000000082799961E5AF01448BAC41A6EAA955181674758700,0.25,1,0,0,0,0,0,0,0,0,Take a break,FALSE,FALSE,FALSE,1,0,0,0,1,26/01/2023 18:45,7407a274-f08a-3d6e-b3d4-137129a17c8e,169bf493-7f54-4550-a9ef-83ecb313e5cf,NA,America/Los_Angeles,Mgr+,US,InternalCollaborator,Facilities,2,6,Director,2,01/09/2012,37,Employee Group 37,Marketing,WPAPUBLICDEMO.ONMICROSOFT.COM,0000000-0000-0000-0000-0000000000,FALSE,0.25
040000008200E00074C5B7101A82E00800000000ACF8246B8331D901000000000000000010000000BC1D75FB50141946B414742D08D08F741674766800,0.5,1,0,0,0,0,0,0,0,0,<U+D3EC><U+CEE4><U+C2A4> <U+C2DC><U+AC04>,FALSE,FALSE,FALSE,1,0,0,0,1,26/01/2023 21:00,d5775448-392e-33bd-8226-ae38b4a387ac,d619c590-6525-4a85-ae4d-b792ba558f50,NA,America/Los_Angeles,Mgr+,US,InternalCollaborator,Customer Service,1,6,Director,2,25/08/2012,27,Employee Group 27,Engineering,WPAPUBLICDEMO.ONMICROSOFT.COM,0000000-0000-0000-0000-0000000000,FALSE,0.5
040000008200E00074C5B7101A82E0080000000026FA987AE630D90100000000000000001000000084A47B710BF03A488497D3542CD7FE871674750600,2,1,0,0,0,0,0,0,0,0,Focus time,FALSE,FALSE,FALSE,1,0,0,0,1,26/01/2023 16:30,d5775448-392e-33bd-8226-ae38b4a387ac,d619c590-6525-4a85-ae4d-b792ba558f50,NA,America/Los_Angeles,Mgr+,US,InternalCollaborator,Customer Service,1,6,Director,2,25/08/2012,27,Employee Group 27,Engineering,WPAPUBLICDEMO.ONMICROSOFT.COM,0000000-0000-0000-0000-0000000000,FALSE,2
040000008200E00074C5B7101A82E00800000000A6486AACA731D901000000000000000010000000871E0417284C9A49B49FF5DED378034F1674762300,0.25,1,0,0,0,0,0,0,0,0,Catch up on messages,FALSE,FALSE,FALSE,1,0,0,0,1,26/01/2023 19:45,7407a274-f08a-3d6e-b3d4-137129a17c8e,169bf493-7f54-4550-a9ef-83ecb313e5cf,NA,America/Los_Angeles,Mgr+,US,InternalCollaborator,Facilities,2,6,Director,2,01/09/2012,37,Employee Group 37,Marketing,WPAPUBLICDEMO.ONMICROSOFT.COM,0000000-0000-0000-0000-0000000000,FALSE,0.25
040000008200E00074C5B7101A82E008000000002CC6CAC7AA30D90100000000000000001000000040A98BFC2A641F4CAB0D0C373BC176881674696600,0.5,1,0,0,0,0,0,0,0,0,Catch up on messages,FALSE,FALSE,FALSE,1,0,0,0,1,26/01/2023 01:30,7407a274-f08a-3d6e-b3d4-137129a17c8e,169bf493-7f54-4550-a9ef-83ecb313e5cf,NA,America/Los_Angeles,Mgr+,US,InternalCollaborator,Facilities,2,6,Director,2,01/09/2012,37,Employee Group 37,Marketing,WPAPUBLICDEMO.ONMICROSOFT.COM,0000000-0000-0000-0000-0000000000,FALSE,0.5
040000008200E00074C5B7101A82E0080000000052464B8A7631D90100000000000000001000000067D90ED2AB171440BDBF24E6BEB124161674769500,0.083333336,1,0,0,0,0,0,0,0,0,Take a break,FALSE,FALSE,FALSE,1,0,0,0,1,26/01/2023 21:45,d5775448-392e-33bd-8226-ae38b4a387ac,d619c590-6525-4a85-ae4d-b792ba558f50,NA,America/Los_Angeles,Mgr+,US,InternalCollaborator,Customer Service,1,6,Director,2,25/08/2012,27,Employee Group 27,Engineering,WPAPUBLICDEMO.ONMICROSOFT.COM,0000000-0000-0000-0000-0000000000,FALSE,0.083333333
040000008200E00074C5B7101A82E008000000000DC7B3590B28D901000000000000000010000000ACA0721BA4CBE341B7B0733D4159BBD91674750600,2,1,0,0,0,0,0,0,0,0,Focus time,FALSE,FALSE,FALSE,1,0,0,0,1,26/01/2023 16:30,f8ed6de3-7463-3a45-bbf6-026bb89424c0,aecc65cc-4ffa-4f88-9469-805953a2f4e4,NA,America/Los_Angeles,Mgr+,US,InternalCollaborator,Human Resources,3,14,Executive,1,11/07/2012,12,Employee Group 12,Operations,WPAPUBLICDEMO.ONMICROSOFT.COM,654a4f57-5b27-63c5-a500-849df79cb3b8,TRUE,2
040000008200E00074C5B7101A82E008000000003C9D96CB6031D901000000000000000010000000B5EE570C7E452B40A3CC377E642F11641674759600,1,1,0,0,0,0,0,0,0,0,<U+5C08><U+6CE8><U+6642><U+9593>,FALSE,FALSE,FALSE,1,0,0,0,1,26/01/2023 19:00,d5775448-392e-33bd-8226-ae38b4a387ac,d619c590-6525-4a85-ae4d-b792ba558f50,NA,America/Los_Angeles,Mgr+,US,InternalCollaborator,Customer Service,1,6,Director,2,25/08/2012,27,Employee Group 27,Engineering,WPAPUBLICDEMO.ONMICROSOFT.COM,0000000-0000-0000-0000-0000000000,FALSE,1
040000008200E00074C5B7101A82E00800000000A4F2B8ACA731D901000000000000000010000000DECBFE84E744394793CB45EA2FD7A6BD1674776700,0.25,1,0,0,0,0,0,0,0,0,Take a break,FALSE,FALSE,FALSE,1,0,0,0,1,26/01/2023 23:45,7407a274-f08a-3d6e-b3d4-137129a17c8e,169bf493-7f54-4550-a9ef-83ecb313e5cf,NA,America/Los_Angeles,Mgr+,US,InternalCollaborator,Facilities,2,6,Director,2,01/09/2012,37,Employee Group 37,Marketing,WPAPUBLICDEMO.ONMICROSOFT.COM,0000000-0000-0000-0000-0000000000,FALSE,0.25
040000008200E00074C5B7101A82E00807E7011AC61ACB1B5D21D90100000000000000001000000032728B17A95ACB4D8D75795CC26B27791674763200,1,1,0,0,0,0,0,0,0,0,Lunch,FALSE,FALSE,TRUE,1,0,0,0,1,26/01/2023 20:00,d5775448-392e-33bd-8226-ae38b4a387ac,d619c590-6525-4a85-ae4d-b792ba558f50,NA,America/Los_Angeles,Mgr+,US,InternalCollaborator,Customer Service,1,6,Director,2,25/08/2012,27,Employee Group 27,Engineering,WPAPUBLICDEMO.ONMICROSOFT.COM,0000000-0000-0000-0000-0000000000,FALSE,1
040000008200E00074C5B7101A82E00800000000398CF82FCD27D901000000000000000010000000D954F858DA015B4D88B07EA61508F7B51674721800,2,1,0,0,0,0,0,0,0,0,Focus time,FALSE,FALSE,FALSE,1,0,0,0,1,26/01/2023 08:30,8e357da8-d9c2-3f2a-8b51-bac09377e49e,1c5f7232-c62f-419f-b58e-e0b99525509c,NA,Etc/UTC,Mgr+,US,InternalCollaborator,Biz Dev,1,14,Executive,1,08/01/2015,1,Employee Group 1,Operations,WPAPUBLICDEMO.ONMICROSOFT.COM,3773d00d-aa7b-4327-983a-013e82842959,TRUE,2
040000008200E00074C5B7101A82E00800000000D3FA3C4D7A31D90100000000000000001000000038250348CFDC8948BB3A8459F9C1C7081674844200,1,2,0,0,0,0,0,0,0,0,Person0937/Person0132,FALSE,FALSE,FALSE,1,1,0,0,2,27/01/2023 18:30,d5775448-392e-33bd-8226-ae38b4a387ac,d619c590-6525-4a85-ae4d-b792ba558f50,NA,America/Los_Angeles,Mgr+,US,InternalCollaborator,Customer Service,1,6,Director,2,25/08/2012,27,Employee Group 27,Engineering,WPAPUBLICDEMO.ONMICROSOFT.COM,0000000-0000-0000-0000-0000000000,FALSE,0.5
040000008200E00074C5B7101A82E008000000000E56D0CB5732D901000000000000000010000000F4D4CAB129A52149A9879B98B98F6B841674860400,1,1,0,0,0,0,0,0,0,0,Learning time,FALSE,FALSE,FALSE,1,0,0,0,1,27/01/2023 23:00,7407a274-f08a-3d6e-b3d4-137129a17c8e,169bf493-7f54-4550-a9ef-83ecb313e5cf,NA,America/Los_Angeles,Mgr+,US,InternalCollaborator,Facilities,2,6,Director,2,01/09/2012,37,Employee Group 37,Marketing,WPAPUBLICDEMO.ONMICROSOFT.COM,0000000-0000-0000-0000-0000000000,FALSE,1
040000008200E00074C5B7101A82E008000000005E9CEFBBA731D9010000000000000000100000008A1EFBBD9E4B9D49A499349966C5AE061674852300,0.25,1,0,0,0,0,0,0,0,0,Take a break,FALSE,FALSE,FALSE,1,0,0,0,1,27/01/2023 20:45,7407a274-f08a-3d6e-b3d4-137129a17c8e,169bf493-7f54-4550-a9ef-83ecb313e5cf,NA,America/Los_Angeles,Mgr+,US,InternalCollaborator,Facilities,2,6,Director,2,01/09/2012,37,Employee Group 37,Marketing,WPAPUBLICDEMO.ONMICROSOFT.COM,0000000-0000-0000-0000-0000000000,FALSE,0.25
040000008200E00074C5B7101A82E0080000000009D375C04D32D90100000000000000001000000032231A6B3F613E41A6D929AD9D134B691674849600,0.5,1,0,0,0,0,0,0,0,0,Fokustid,FALSE,FALSE,FALSE,1,0,0,0,1,27/01/2023 20:00,7407a274-f08a-3d6e-b3d4-137129a17c8e,169bf493-7f54-4550-a9ef-83ecb313e5cf,NA,America/Los_Angeles,Mgr+,US,InternalCollaborator,Facilities,2,6,Director,2,01/09/2012,37,Employee Group 37,Marketing,WPAPUBLICDEMO.ONMICROSOFT.COM,0000000-0000-0000-0000-0000000000,FALSE,0.5
040000008200E00074C5B7101A82E0080000000017F1D67AE630D901000000000000000010000000D00E75A95F11B840B4936EDFA1B852EC1674837000,2,1,1,0,0,0,0,0,1,0,Focus time,FALSE,FALSE,FALSE,1,0,0,0,1,27/01/2023 16:30,d5775448-392e-33bd-8226-ae38b4a387ac,d619c590-6525-4a85-ae4d-b792ba558f50,NA,America/Los_Angeles,Mgr+,US,InternalCollaborator,Customer Service,1,6,Director,2,25/08/2012,27,Employee Group 27,Engineering,WPAPUBLICDEMO.ONMICROSOFT.COM,0000000-0000-0000-0000-0000000000,FALSE,2
040000008200E00074C5B7101A82E00800000000F32504DE3032D9010000000000000000100000003948D89761E6734CAF1A8109359AAF481674853200,0.5,1,0,0,0,0,0,0,0,0,Tempo de concentração,FALSE,FALSE,FALSE,1,0,0,0,1,27/01/2023 21:00,d5775448-392e-33bd-8226-ae38b4a387ac,d619c590-6525-4a85-ae4d-b792ba558f50,NA,America/Los_Angeles,Mgr+,US,InternalCollaborator,Customer Service,1,6,Director,2,25/08/2012,27,Employee Group 27,Engineering,WPAPUBLICDEMO.ONMICROSOFT.COM,0000000-0000-0000-0000-0000000000,FALSE,0.5
040000008200E00074C5B7101A82E00800000000266F54BBA731D901000000000000000010000000835DFDA0165A4B47890F1B7A7BB8A6D31674837000,2,1,0,0,0,0,0,0,0,0,Focus time,FALSE,FALSE,FALSE,1,0,0,0,1,27/01/2023 16:30,7407a274-f08a-3d6e-b3d4-137129a17c8e,169bf493-7f54-4550-a9ef-83ecb313e5cf,NA,America/Los_Angeles,Mgr+,US,InternalCollaborator,Facilities,2,6,Director,2,01/09/2012,37,Employee Group 37,Marketing,WPAPUBLICDEMO.ONMICROSOFT.COM,0000000-0000-0000-0000-0000000000,FALSE,2
040000008200E00074C5B7101A82E008000000001C827D8A7631D901000000000000000010000000BF61C0A565BBFE4180D2DCEC2D6AA2DE1674855900,0.083333336,1,0,0,0,0,0,0,0,0,Take a break,FALSE,FALSE,FALSE,1,0,0,0,1,27/01/2023 21:45,d5775448-392e-33bd-8226-ae38b4a387ac,d619c590-6525-4a85-ae4d-b792ba558f50,NA,America/Los_Angeles,Mgr+,US,InternalCollaborator,Customer Service,1,6,Director,2,25/08/2012,27,Employee Group 27,Engineering,WPAPUBLICDEMO.ONMICROSOFT.COM,0000000-0000-0000-0000-0000000000,FALSE,0.083333333
040000008200E00074C5B7101A82E008000000007152D95C6D32D90100000000000000001000000029F7058C4AC36046A0CDF2CC955CD2CC1674845100,1,1,0,0,0,0,0,0,0,0,Temps de travail individuel,FALSE,FALSE,FALSE,1,0,0,0,1,27/01/2023 18:45,7407a274-f08a-3d6e-b3d4-137129a17c8e,169bf493-7f54-4550-a9ef-83ecb313e5cf,NA,America/Los_Angeles,Mgr+,US,InternalCollaborator,Facilities,2,6,Director,2,01/09/2012,37,Employee Group 37,Marketing,WPAPUBLICDEMO.ONMICROSOFT.COM,0000000-0000-0000-0000-0000000000,FALSE,1
040000008200E00074C5B7101A82E008000000009E78C9BBA731D9010000000000000000100000002E2A939651D43F49878609888CE67FCA1674848700,0.25,1,0,0,0,0,0,0,0,0,Catch up on messages,FALSE,FALSE,FALSE,1,0,0,0,1,27/01/2023 19:45,7407a274-f08a-3d6e-b3d4-137129a17c8e,169bf493-7f54-4550-a9ef-83ecb313e5cf,NA,America/Los_Angeles,Mgr+,US,InternalCollaborator,Facilities,2,6,Director,2,01/09/2012,37,Employee Group 37,Marketing,WPAPUBLICDEMO.ONMICROSOFT.COM,0000000-0000-0000-0000-0000000000,FALSE,0.25
040000008200E00074C5B7101A82E0080000000073D6DBAD0728D9010000000000000000100000004C3B5CA635F8D341BB91BEAE5B94FEA81674838800,2,1,0,0,0,0,0,0,0,0,Focus time,FALSE,FALSE,FALSE,1,0,0,0,1,27/01/2023 17:00,889a5782-ce40-38b3-b44c-69953cf329b4,7c97a818-aa07-459d-a650-ebf352cce2f0,NA,America/Los_Angeles,Mgr+,US,InternalCollaborator,Finance-Corporate,5,14,Executive,1,30/05/2011,4,Employee Group 4,Finance,WPAPUBLICDEMO.ONMICROSOFT.COM,39124dce-a1e4-4bd0-b2d2-212a864cf67a,TRUE,2
040000008200E00074C5B7101A82E00807E7011BC61ACB1B5D21D90100000000000000001000000032728B17A95ACB4D8D75795CC26B27791674849600,1,1,0,0,0,0,0,0,0,0,Lunch,FALSE,FALSE,TRUE,1,0,0,0,1,27/01/2023 20:00,d5775448-392e-33bd-8226-ae38b4a387ac,d619c590-6525-4a85-ae4d-b792ba558f50,NA,America/Los_Angeles,Mgr+,US,InternalCollaborator,Customer Service,1,6,Director,2,25/08/2012,27,Employee Group 27,Engineering,WPAPUBLICDEMO.ONMICROSOFT.COM,0000000-0000-0000-0000-0000000000,FALSE,1
040000008200E00074C5B7101A82E00807E7011BB4F0FC4FA631D901000000000000000010000000323E58022FCC8541AF7E72DE72B2684E1674817200,3,1,1,0,0,0,0,1,2,0,Obed,FALSE,FALSE,TRUE,1,0,0,0,1,27/01/2023 11:00,7407a274-f08a-3d6e-b3d4-137129a17c8e,169bf493-7f54-4550-a9ef-83ecb313e5cf,NA,America/Los_Angeles,Mgr+,US,InternalCollaborator,Facilities,2,6,Director,2,01/09/2012,37,Employee Group 37,Marketing,WPAPUBLICDEMO.ONMICROSOFT.COM,0000000-0000-0000-0000-0000000000,FALSE,3
040000008200E00074C5B7101A82E008000000005E74EAB36D32D901000000000000000010000000E5A4A94BFBB9F6469B5BFC7029BF6CF11674856800,2,1,0,0,0,0,0,0,0,0,<U+0412><U+0440><U+0435><U+043C><U+044F> <U+043F><U+0440><U+043E><U+0434><U+0443><U+043A><U+0442><U+0438><U+0432><U+043D><U+043E><U+0439> <U+0440><U+0430><U+0431><U+043E><U+0442><U+044B>,FALSE,FALSE,FALSE,1,0,0,0,1,27/01/2023 22:00,d5775448-392e-33bd-8226-ae38b4a387ac,d619c590-6525-4a85-ae4d-b792ba558f50,NA,America/Los_Angeles,Mgr+,US,InternalCollaborator,Customer Service,1,6,Director,2,25/08/2012,27,Employee Group 27,Engineering,WPAPUBLICDEMO.ONMICROSOFT.COM,0000000-0000-0000-0000-0000000000,FALSE,2
040000008200E00074C5B7101A82E00800000000BE3D61386D32D9010000000000000000100000009D8788FF29D37D44B40CC251DA9454A01674846000,1,1,0,0,0,0,0,0,0,0,Learning time,FALSE,FALSE,FALSE,1,0,0,0,1,27/01/2023 19:00,d5775448-392e-33bd-8226-ae38b4a387ac,d619c590-6525-4a85-ae4d-b792ba558f50,NA,America/Los_Angeles,Mgr+,US,InternalCollaborator,Customer Service,1,6,Director,2,25/08/2012,27,Employee Group 27,Engineering,WPAPUBLICDEMO.ONMICROSOFT.COM,0000000-0000-0000-0000-0000000000,FALSE,1
040000008200E00074C5B7101A82E0080000000011D7898C7631D901000000000000000010000000A2F57A9446659A4494D645460A2683D21674779400,0.5,1,0,0,0,0,0,0,0,0,Catch up on messages,FALSE,FALSE,FALSE,1,0,0,0,1,27/01/2023 00:30,d5775448-392e-33bd-8226-ae38b4a387ac,d619c590-6525-4a85-ae4d-b792ba558f50,NA,America/Los_Angeles,Mgr+,US,InternalCollaborator,Customer Service,1,6,Director,2,25/08/2012,27,Employee Group 27,Engineering,WPAPUBLICDEMO.ONMICROSOFT.COM,0000000-0000-0000-0000-0000000000,FALSE,0.5
040000008200E00074C5B7101A82E00800000000DDA773BBA731D90100000000000000001000000078A94C0F5030B246946F3958E1F13D2B1674844200,0.25,1,0,0,0,0,0,0,0,0,Take a break,FALSE,FALSE,FALSE,1,0,0,0,1,27/01/2023 18:30,7407a274-f08a-3d6e-b3d4-137129a17c8e,169bf493-7f54-4550-a9ef-83ecb313e5cf,NA,America/Los_Angeles,Mgr+,US,InternalCollaborator,Facilities,2,6,Director,2,01/09/2012,37,Employee Group 37,Marketing,WPAPUBLICDEMO.ONMICROSOFT.COM,0000000-0000-0000-0000-0000000000,FALSE,0.25
040000008200E00074C5B7101A82E008000000001254841B4E32D90100000000000000001000000073463EE46378A14AA61BA04FC2EE95CF1674853200,2,1,0,0,0,0,0,0,0,0,Fokustid,FALSE,FALSE,FALSE,1,0,0,0,1,27/01/2023 21:00,7407a274-f08a-3d6e-b3d4-137129a17c8e,169bf493-7f54-4550-a9ef-83ecb313e5cf,NA,America/Los_Angeles,Mgr+,US,InternalCollaborator,Facilities,2,6,Director,2,01/09/2012,37,Employee Group 37,Marketing,WPAPUBLICDEMO.ONMICROSOFT.COM,0000000-0000-0000-0000-0000000000,FALSE,2
040000008200E00074C5B7101A82E0080000000097A32330CD27D901000000000000000010000000518638611AC8B2499E6371C41949E4B31674808200,2,1,0,0,0,0,0,0,0,0,Focus time,FALSE,FALSE,FALSE,1,0,0,0,1,27/01/2023 08:30,8e357da8-d9c2-3f2a-8b51-bac09377e49e,1c5f7232-c62f-419f-b58e-e0b99525509c,NA,Etc/UTC,Mgr+,US,InternalCollaborator,Biz Dev,1,14,Executive,1,08/01/2015,1,Employee Group 1,Operations,WPAPUBLICDEMO.ONMICROSOFT.COM,3773d00d-aa7b-4327-983a-013e82842959,TRUE,2
040000008200E00074C5B7101A82E0080000000067ADA18C7631D901000000000000000010000000D004130B9F06344AB167DB7B1567F01A1674865800,0.5,1,0,0,0,0,0,0,0,0,Catch up on messages,FALSE,FALSE,FALSE,1,0,0,0,1,28/01/2023 00:30,d5775448-392e-33bd-8226-ae38b4a387ac,d619c590-6525-4a85-ae4d-b792ba558f50,NA,America/Los_Angeles,Mgr+,US,InternalCollaborator,Customer Service,1,6,Director,2,25/08/2012,27,Employee Group 27,Engineering,WPAPUBLICDEMO.ONMICROSOFT.COM,0000000-0000-0000-0000-0000000000,FALSE,0.5
040000008200E00074C5B7101A82E00807E7011C0C225123ACE2D7010000000000000000100000006B1061F14266C448936F870C3F5AE8411674864000,312,13,0,0,0,0,0,0,0,0,Canceled: No-meeting day,TRUE,TRUE,TRUE,1,13,0,0,14,28/01/2023 00:00,f8ed6de3-7463-3a45-bbf6-026bb89424c0,aecc65cc-4ffa-4f88-9469-805953a2f4e4,NA,America/Los_Angeles,Mgr+,US,InternalCollaborator,Human Resources,3,14,Executive,1,11/07/2012,12,Employee Group 12,Operations,WPAPUBLICDEMO.ONMICROSOFT.COM,654a4f57-5b27-63c5-a500-849df79cb3b8,TRUE,24
040000008200E00074C5B7101A82E00807E7011CA53A195AF3A3D801000000000000000010000000DA977C8D33EDA0459DA7F6CB2EAF35E31674864000,216,9,0,0,0,0,0,0,0,0,Canceled: <U+7121><U+6703><U+8B70><U+65E5>,TRUE,TRUE,TRUE,1,10,0,0,11,28/01/2023 00:00,7407a274-f08a-3d6e-b3d4-137129a17c8e,169bf493-7f54-4550-a9ef-83ecb313e5cf,NA,America/Los_Angeles,Mgr+,US,InternalCollaborator,Facilities,2,6,Director,2,01/09/2012,37,Employee Group 37,Marketing,WPAPUBLICDEMO.ONMICROSOFT.COM,0000000-0000-0000-0000-0000000000,FALSE,24
040000008200E00074C5B7101A82E00807E7011EC61ACB1B5D21D90100000000000000001000000032728B17A95ACB4D8D75795CC26B27791675108800,1,1,0,0,0,0,0,0,0,0,Lunch,FALSE,FALSE,TRUE,1,0,0,0,1,30/01/2023 20:00,d5775448-392e-33bd-8226-ae38b4a387ac,d619c590-6525-4a85-ae4d-b792ba558f50,NA,America/Los_Angeles,Mgr+,US,InternalCollaborator,Customer Service,1,6,Director,2,25/08/2012,27,Employee Group 27,Engineering,WPAPUBLICDEMO.ONMICROSOFT.COM,0000000-0000-0000-0000-0000000000,FALSE,1
040000008200E00074C5B7101A82E008000000009889A89F3A2DD90100000000000000001000000011CAD6D95BEBB845BB031AD301B666F71675067400,2,1,0,0,0,0,0,0,0,0,Focus time,FALSE,FALSE,FALSE,1,0,0,0,1,30/01/2023 08:30,8e357da8-d9c2-3f2a-8b51-bac09377e49e,1c5f7232-c62f-419f-b58e-e0b99525509c,NA,Etc/UTC,Mgr+,US,InternalCollaborator,Biz Dev,1,14,Executive,1,08/01/2015,1,Employee Group 1,Operations,WPAPUBLICDEMO.ONMICROSOFT.COM,3773d00d-aa7b-4327-983a-013e82842959,TRUE,2
040000008200E00074C5B7101A82E00807E7011EB4F0FC4FA631D901000000000000000010000000323E58022FCC8541AF7E72DE72B2684E1675076400,3,1,0,0,0,0,0,0,0,0,Obed,FALSE,FALSE,TRUE,1,0,0,0,1,30/01/2023 11:00,7407a274-f08a-3d6e-b3d4-137129a17c8e,169bf493-7f54-4550-a9ef-83ecb313e5cf,NA,America/Los_Angeles,Mgr+,US,InternalCollaborator,Facilities,2,6,Director,2,01/09/2012,37,Employee Group 37,Marketing,WPAPUBLICDEMO.ONMICROSOFT.COM,0000000-0000-0000-0000-0000000000,FALSE,3
040000008200E00074C5B7101A82E008000000007D1EB3286E32D90100000000000000001000000053F4A59B8309E6468105B1DCA60AC5351675107000,1,2,0,0,0,0,0,0,0,0,Person0937/Person0132,FALSE,FALSE,FALSE,1,1,0,0,2,30/01/2023 19:30,d5775448-392e-33bd-8226-ae38b4a387ac,d619c590-6525-4a85-ae4d-b792ba558f50,NA,America/Los_Angeles,Mgr+,US,InternalCollaborator,Customer Service,1,6,Director,2,25/08/2012,27,Employee Group 27,Engineering,WPAPUBLICDEMO.ONMICROSOFT.COM,0000000-0000-0000-0000-0000000000,FALSE,0.5
040000008200E00074C5B7101A82E00800000000CC9D067BE630D90100000000000000001000000091BB8293AC3BFD47824A162F4E6A4C891675096200,2,1,0,0,0,0,0,0,0,0,Focus time,FALSE,FALSE,FALSE,1,0,0,0,1,30/01/2023 16:30,d5775448-392e-33bd-8226-ae38b4a387ac,d619c590-6525-4a85-ae4d-b792ba558f50,NA,America/Los_Angeles,Mgr+,US,InternalCollaborator,Customer Service,1,6,Director,2,25/08/2012,27,Employee Group 27,Engineering,WPAPUBLICDEMO.ONMICROSOFT.COM,0000000-0000-0000-0000-0000000000,FALSE,2
040000008200E00074C5B7101A82E00800000000BC998DBEA731D901000000000000000010000000B698C6A01690F24C91CF59D49720B0CA1675107900,0.25,1,0,0,0,0,0,0,0,0,Catch up on messages,FALSE,FALSE,FALSE,1,0,0,0,1,30/01/2023 19:45,7407a274-f08a-3d6e-b3d4-137129a17c8e,169bf493-7f54-4550-a9ef-83ecb313e5cf,NA,America/Los_Angeles,Mgr+,US,InternalCollaborator,Facilities,2,6,Director,2,01/09/2012,37,Employee Group 37,Marketing,WPAPUBLICDEMO.ONMICROSOFT.COM,0000000-0000-0000-0000-0000000000,FALSE,0.25
040000008200E00074C5B7101A82E0080000000054E4BABEA731D901000000000000000010000000D3C950FAFC636549A14A65EA8A2497621675115100,0.25,1,0,0,0,0,0,0,0,0,Take a break,FALSE,FALSE,FALSE,1,0,0,0,1,30/01/2023 21:45,7407a274-f08a-3d6e-b3d4-137129a17c8e,169bf493-7f54-4550-a9ef-83ecb313e5cf,NA,America/Los_Angeles,Mgr+,US,InternalCollaborator,Facilities,2,6,Director,2,01/09/2012,37,Employee Group 37,Marketing,WPAPUBLICDEMO.ONMICROSOFT.COM,0000000-0000-0000-0000-0000000000,FALSE,0.25
040000008200E00074C5B7101A82E00800000000C31AD984882DD901000000000000000010000000825AC500CD2F3F4DADF419ABF068DF5B1675098000,2,1,0,0,0,0,0,0,0,0,Focus time,FALSE,FALSE,FALSE,1,0,0,0,1,30/01/2023 17:00,889a5782-ce40-38b3-b44c-69953cf329b4,7c97a818-aa07-459d-a650-ebf352cce2f0,NA,America/Los_Angeles,Mgr+,US,InternalCollaborator,Finance-Corporate,5,14,Executive,1,30/05/2011,4,Employee Group 4,Finance,WPAPUBLICDEMO.ONMICROSOFT.COM,39124dce-a1e4-4bd0-b2d2-212a864cf67a,TRUE,2
040000008200E00074C5B7101A82E00800000000FF09A68A7631D901000000000000000010000000EC8C1C50FE19254795EFD1AD0B040A441675115100,0.083333336,1,0,0,0,0,0,0,0,0,Take a break,FALSE,FALSE,FALSE,1,0,0,0,1,30/01/2023 21:45,d5775448-392e-33bd-8226-ae38b4a387ac,d619c590-6525-4a85-ae4d-b792ba558f50,NA,America/Los_Angeles,Mgr+,US,InternalCollaborator,Customer Service,1,6,Director,2,25/08/2012,27,Employee Group 27,Engineering,WPAPUBLICDEMO.ONMICROSOFT.COM,0000000-0000-0000-0000-0000000000,FALSE,0.083333333
040000008200E00074C5B7101A82E00800000000854425385132D901000000000000000010000000CB58CA6907AA7F4CA1D58374539E5FAA1675103400,1,2,0,0,0,0,0,0,0,0,Person1042/Person0182,FALSE,FALSE,FALSE,1,1,0,0,2,30/01/2023 18:30,7407a274-f08a-3d6e-b3d4-137129a17c8e,169bf493-7f54-4550-a9ef-83ecb313e5cf,NA,America/Los_Angeles,Mgr+,US,InternalCollaborator,Facilities,2,6,Director,2,01/09/2012,37,Employee Group 37,Marketing,WPAPUBLICDEMO.ONMICROSOFT.COM,0000000-0000-0000-0000-0000000000,FALSE,0.5
040000008200E00074C5B7101A82E00800000000FBC837BEA731D901000000000000000010000000490352AD2C2DDF40A5E6633C3BC11A711675096200,2,1,0,0,0,0,0,0,0,0,Focus time,FALSE,FALSE,FALSE,1,0,0,0,1,30/01/2023 16:30,7407a274-f08a-3d6e-b3d4-137129a17c8e,169bf493-7f54-4550-a9ef-83ecb313e5cf,NA,America/Los_Angeles,Mgr+,US,InternalCollaborator,Facilities,2,6,Director,2,01/09/2012,37,Employee Group 37,Marketing,WPAPUBLICDEMO.ONMICROSOFT.COM,0000000-0000-0000-0000-0000000000,FALSE,2
040000008200E00074C5B7101A82E0080000000041F6928A7631D901000000000000000010000000A13A453D00B7DA41A6F5FB98C990F8DC1675104300,0.083333336,1,0,0,0,0,0,0,0,0,Take a break,FALSE,FALSE,FALSE,1,0,0,0,1,30/01/2023 18:45,d5775448-392e-33bd-8226-ae38b4a387ac,d619c590-6525-4a85-ae4d-b792ba558f50,NA,America/Los_Angeles,Mgr+,US,InternalCollaborator,Customer Service,1,6,Director,2,25/08/2012,27,Employee Group 27,Engineering,WPAPUBLICDEMO.ONMICROSOFT.COM,0000000-0000-0000-0000-0000000000,FALSE,0.083333333
040000008200E00074C5B7101A82E00800000000AD805BA03A2DD901000000000000000010000000C4DB36304FDBAF4DAECE88C722556E4C1675153800,2,1,0,0,0,0,0,0,0,0,Focus time,FALSE,FALSE,FALSE,1,0,0,0,1,31/01/2023 08:30,8e357da8-d9c2-3f2a-8b51-bac09377e49e,1c5f7232-c62f-419f-b58e-e0b99525509c,NA,Etc/UTC,Mgr+,US,InternalCollaborator,Biz Dev,1,14,Executive,1,08/01/2015,1,Employee Group 1,Operations,WPAPUBLICDEMO.ONMICROSOFT.COM,3773d00d-aa7b-4327-983a-013e82842959,TRUE,2
040000008200E00074C5B7101A82E00800000000958C9DBFA731D9010000000000000000100000008C6ADD0C2AC8CC41AF23F897D7615A0C1675182600,2,1,0,0,0,0,0,0,0,0,Focus time,FALSE,FALSE,FALSE,1,0,0,0,1,31/01/2023 16:30,7407a274-f08a-3d6e-b3d4-137129a17c8e,169bf493-7f54-4550-a9ef-83ecb313e5cf,NA,America/Los_Angeles,Mgr+,US,InternalCollaborator,Facilities,2,6,Director,2,01/09/2012,37,Employee Group 37,Marketing,WPAPUBLICDEMO.ONMICROSOFT.COM,0000000-0000-0000-0000-0000000000,FALSE,2
040000008200E00074C5B7101A82E00807E7011FB4F0FC4FA631D901000000000000000010000000323E58022FCC8541AF7E72DE72B2684E1675162800,3,1,0,0,0,0,0,0,0,0,Obed,FALSE,FALSE,TRUE,1,0,0,0,1,31/01/2023 11:00,7407a274-f08a-3d6e-b3d4-137129a17c8e,169bf493-7f54-4550-a9ef-83ecb313e5cf,NA,America/Los_Angeles,Mgr+,US,InternalCollaborator,Facilities,2,6,Director,2,01/09/2012,37,Employee Group 37,Marketing,WPAPUBLICDEMO.ONMICROSOFT.COM,0000000-0000-0000-0000-0000000000,FALSE,3
040000008200E00074C5B7101A82E00800000000E221B78C7631D90100000000000000001000000093726A1B47C0994994C0F6111E4CBB211675125000,0.5,1,0,0,0,0,0,0,0,0,Catch up on messages,FALSE,FALSE,FALSE,1,0,0,0,1,31/01/2023 00:30,d5775448-392e-33bd-8226-ae38b4a387ac,d619c590-6525-4a85-ae4d-b792ba558f50,NA,America/Los_Angeles,Mgr+,US,InternalCollaborator,Customer Service,1,6,Director,2,25/08/2012,27,Employee Group 27,Engineering,WPAPUBLICDEMO.ONMICROSOFT.COM,0000000-0000-0000-0000-0000000000,FALSE,0.5
040000008200E00074C5B7101A82E00807E7011FFD43784EFB2FD901000000000000000010000000CAE41AFF809F124DBFD784B86AB960B31675123200,46.5,2,0,0,0,0,0,0,0,0,Møtefri dag,TRUE,FALSE,TRUE,1,1,0,0,2,31/01/2023 00:00,d5775448-392e-33bd-8226-ae38b4a387ac,d619c590-6525-4a85-ae4d-b792ba558f50,NA,America/Los_Angeles,Mgr+,US,InternalCollaborator,Customer Service,1,6,Director,2,25/08/2012,27,Employee Group 27,Engineering,WPAPUBLICDEMO.ONMICROSOFT.COM,0000000-0000-0000-0000-0000000000,FALSE,24
040000008200E00074C5B7101A82E00807E7011FC61ACB1B5D21D90100000000000000001000000032728B17A95ACB4D8D75795CC26B27791675195200,1,1,0,0,0,0,0,0,0,0,Lunch,FALSE,FALSE,TRUE,1,0,0,0,1,31/01/2023 20:00,d5775448-392e-33bd-8226-ae38b4a387ac,d619c590-6525-4a85-ae4d-b792ba558f50,NA,America/Los_Angeles,Mgr+,US,InternalCollaborator,Customer Service,1,6,Director,2,25/08/2012,27,Employee Group 27,Engineering,WPAPUBLICDEMO.ONMICROSOFT.COM,0000000-0000-0000-0000-0000000000,FALSE,1
040000008200E00074C5B7101A82E00800000000AE89BCBFA731D901000000000000000010000000D585D1C7D628AA48A2F115224D94D6241675190700,0.25,1,0,0,0,0,0,0,0,0,Take a break,FALSE,FALSE,FALSE,1,0,0,0,1,31/01/2023 18:45,7407a274-f08a-3d6e-b3d4-137129a17c8e,169bf493-7f54-4550-a9ef-83ecb313e5cf,NA,America/Los_Angeles,Mgr+,US,InternalCollaborator,Facilities,2,6,Director,2,01/09/2012,37,Employee Group 37,Marketing,WPAPUBLICDEMO.ONMICROSOFT.COM,0000000-0000-0000-0000-0000000000,FALSE,0.25
040000008200E00074C5B7101A82E008000000008AB606C0A731D901000000000000000010000000D38BCE15E896904B8020C0A311AB962B1675201500,0.25,1,0,0,0,0,0,0,0,0,Take a break,FALSE,FALSE,FALSE,1,0,0,0,1,31/01/2023 21:45,7407a274-f08a-3d6e-b3d4-137129a17c8e,169bf493-7f54-4550-a9ef-83ecb313e5cf,NA,America/Los_Angeles,Mgr+,US,InternalCollaborator,Facilities,2,6,Director,2,01/09/2012,37,Employee Group 37,Marketing,WPAPUBLICDEMO.ONMICROSOFT.COM,0000000-0000-0000-0000-0000000000,FALSE,0.25
040000008200E00074C5B7101A82E00800000000A2ADE2BFA731D90100000000000000001000000052C7DC16472C2D45B3835FB1444B7D9F1675194300,0.25,1,0,0,0,0,0,0,0,0,Catch up on messages,FALSE,FALSE,FALSE,1,0,0,0,1,31/01/2023 19:45,7407a274-f08a-3d6e-b3d4-137129a17c8e,169bf493-7f54-4550-a9ef-83ecb313e5cf,NA,America/Los_Angeles,Mgr+,US,InternalCollaborator,Facilities,2,6,Director,2,01/09/2012,37,Employee Group 37,Marketing,WPAPUBLICDEMO.ONMICROSOFT.COM,0000000-0000-0000-0000-0000000000,FALSE,0.25
040000008200E00074C5B7101A82E008000000005955D38A7631D901000000000000000010000000BAE328602E77EC4E9A5F6BA6C566BF4C1675287900,0.083333336,1,0,0,0,0,0,0,0,0,Take a break,FALSE,FALSE,FALSE,1,0,0,0,1,01/02/2023 21:45,d5775448-392e-33bd-8226-ae38b4a387ac,d619c590-6525-4a85-ae4d-b792ba558f50,NA,America/Los_Angeles,Mgr+,US,InternalCollaborator,Customer Service,1,6,Director,2,25/08/2012,27,Employee Group 27,Engineering,WPAPUBLICDEMO.ONMICROSOFT.COM,0000000-0000-0000-0000-0000000000,FALSE,0.083333333
040000008200E00074C5B7101A82E008000000000AA116C1A731D90100000000000000001000000081E761953461134E8C7B49E17EAA45AA1675277100,0.25,1,0,0,0,0,0,0,0,0,Take a break,FALSE,FALSE,FALSE,1,0,0,0,1,01/02/2023 18:45,7407a274-f08a-3d6e-b3d4-137129a17c8e,169bf493-7f54-4550-a9ef-83ecb313e5cf,NA,America/Los_Angeles,Mgr+,US,InternalCollaborator,Facilities,2,6,Director,2,01/09/2012,37,Employee Group 37,Marketing,WPAPUBLICDEMO.ONMICROSOFT.COM,0000000-0000-0000-0000-0000000000,FALSE,0.25
040000008200E00074C5B7101A82E00800000000A8A681A03A2DD90100000000000000001000000092E45F29996D6B4CB7BF1FCD4F11F2171675240200,2,1,0,0,0,0,0,0,0,0,Focus time,FALSE,FALSE,FALSE,1,0,0,0,1,01/02/2023 08:30,8e357da8-d9c2-3f2a-8b51-bac09377e49e,1c5f7232-c62f-419f-b58e-e0b99525509c,NA,Etc/UTC,Mgr+,US,InternalCollaborator,Biz Dev,1,14,Executive,1,08/01/2015,1,Employee Group 1,Operations,WPAPUBLICDEMO.ONMICROSOFT.COM,3773d00d-aa7b-4327-983a-013e82842959,TRUE,2
040000008200E00074C5B7101A82E008000000008E6A1785882DD901000000000000000010000000DA1E4B8B878EE6438C40F137751D56CF1675270800,2,1,0,0,0,0,0,0,0,0,Focus time,FALSE,FALSE,FALSE,1,0,0,0,1,01/02/2023 17:00,889a5782-ce40-38b3-b44c-69953cf329b4,7c97a818-aa07-459d-a650-ebf352cce2f0,NA,America/Los_Angeles,Mgr+,US,InternalCollaborator,Finance-Corporate,5,14,Executive,1,30/05/2011,4,Employee Group 4,Finance,WPAPUBLICDEMO.ONMICROSOFT.COM,39124dce-a1e4-4bd0-b2d2-212a864cf67a,TRUE,2
040000008200E00074C5B7101A82E00800000000E84D46C1A731D901000000000000000010000000E461D10998346B42BD1FE780ACEF1B741675280700,0.25,1,0,0,0,0,0,0,0,0,Catch up on messages,FALSE,FALSE,FALSE,1,0,0,0,1,01/02/2023 19:45,7407a274-f08a-3d6e-b3d4-137129a17c8e,169bf493-7f54-4550-a9ef-83ecb313e5cf,NA,America/Los_Angeles,Mgr+,US,InternalCollaborator,Facilities,2,6,Director,2,01/09/2012,37,Employee Group 37,Marketing,WPAPUBLICDEMO.ONMICROSOFT.COM,0000000-0000-0000-0000-0000000000,FALSE,0.25
040000008200E00074C5B7101A82E00807E70201C61ACB1B5D21D90100000000000000001000000032728B17A95ACB4D8D75795CC26B27791675281600,1,1,0,0,0,0,0,0,0,0,Lunch,FALSE,FALSE,TRUE,1,0,0,0,1,01/02/2023 20:00,d5775448-392e-33bd-8226-ae38b4a387ac,d619c590-6525-4a85-ae4d-b792ba558f50,NA,America/Los_Angeles,Mgr+,US,InternalCollaborator,Customer Service,1,6,Director,2,25/08/2012,27,Employee Group 27,Engineering,WPAPUBLICDEMO.ONMICROSOFT.COM,0000000-0000-0000-0000-0000000000,FALSE,1
040000008200E00074C5B7101A82E0080000000019BE70C1A731D90100000000000000001000000029DFAAD10214EA428D0D48294C7AD59B1675287900,0.25,1,0,0,0,0,0,0,0,0,Take a break,FALSE,FALSE,FALSE,1,0,0,0,1,01/02/2023 21:45,7407a274-f08a-3d6e-b3d4-137129a17c8e,169bf493-7f54-4550-a9ef-83ecb313e5cf,NA,America/Los_Angeles,Mgr+,US,InternalCollaborator,Facilities,2,6,Director,2,01/09/2012,37,Employee Group 37,Marketing,WPAPUBLICDEMO.ONMICROSOFT.COM,0000000-0000-0000-0000-0000000000,FALSE,0.25
040000008200E00074C5B7101A82E00807E70201B4F0FC4FA631D901000000000000000010000000323E58022FCC8541AF7E72DE72B2684E1675249200,3,1,0,0,0,0,0,0,0,0,Obed,FALSE,FALSE,TRUE,1,0,0,0,1,01/02/2023 11:00,7407a274-f08a-3d6e-b3d4-137129a17c8e,169bf493-7f54-4550-a9ef-83ecb313e5cf,NA,America/Los_Angeles,Mgr+,US,InternalCollaborator,Facilities,2,6,Director,2,01/09/2012,37,Employee Group 37,Marketing,WPAPUBLICDEMO.ONMICROSOFT.COM,0000000-0000-0000-0000-0000000000,FALSE,3
040000008200E00074C5B7101A82E008000000002DFD277BE630D9010000000000000000100000006EF8A1AB5BF82E48ADC5024F83B6DCFE1675269000,2,1,0,0,0,0,0,0,0,0,Focus time,FALSE,FALSE,FALSE,1,0,0,0,1,01/02/2023 16:30,d5775448-392e-33bd-8226-ae38b4a387ac,d619c590-6525-4a85-ae4d-b792ba558f50,NA,America/Los_Angeles,Mgr+,US,InternalCollaborator,Customer Service,1,6,Director,2,25/08/2012,27,Employee Group 27,Engineering,WPAPUBLICDEMO.ONMICROSOFT.COM,0000000-0000-0000-0000-0000000000,FALSE,2
040000008200E00074C5B7101A82E00807E70201188C62D41F02D8010000000000000000100000003BA3EF0A9CC56140B760EA9AD1B0971B1675209600,408,17,0,0,0,0,0,0,0,0,Canceled: No-meeting day,TRUE,TRUE,TRUE,1,17,0,0,18,01/02/2023 00:00,889a5782-ce40-38b3-b44c-69953cf329b4,7c97a818-aa07-459d-a650-ebf352cce2f0,NA,America/Los_Angeles,Mgr+,US,InternalCollaborator,Finance-Corporate,5,14,Executive,1,30/05/2011,4,Employee Group 4,Finance,WPAPUBLICDEMO.ONMICROSOFT.COM,39124dce-a1e4-4bd0-b2d2-212a864cf67a,TRUE,24
040000008200E00074C5B7101A82E00800000000ED7DBB8A7631D90100000000000000001000000006D5170AD43392448206ABDB08EC021D1675277100,0.083333336,1,0,0,0,0,0,0,0,0,Take a break,FALSE,FALSE,FALSE,1,0,0,0,1,01/02/2023 18:45,d5775448-392e-33bd-8226-ae38b4a387ac,d619c590-6525-4a85-ae4d-b792ba558f50,NA,America/Los_Angeles,Mgr+,US,InternalCollaborator,Customer Service,1,6,Director,2,25/08/2012,27,Employee Group 27,Engineering,WPAPUBLICDEMO.ONMICROSOFT.COM,0000000-0000-0000-0000-0000000000,FALSE,0.083333333
040000008200E00074C5B7101A82E0080000000005FBE3C0A731D90100000000000000001000000087B271A6F9C68846AC572ED9EF673C1B1675269000,2,1,0,0,0,0,0,0,0,0,Focus time,FALSE,FALSE,FALSE,1,0,0,0,1,01/02/2023 16:30,7407a274-f08a-3d6e-b3d4-137129a17c8e,169bf493-7f54-4550-a9ef-83ecb313e5cf,NA,America/Los_Angeles,Mgr+,US,InternalCollaborator,Facilities,2,6,Director,2,01/09/2012,37,Employee Group 37,Marketing,WPAPUBLICDEMO.ONMICROSOFT.COM,0000000-0000-0000-0000-0000000000,FALSE,2
040000008200E00074C5B7101A82E00800000000C8F7CE8C7631D9010000000000000000100000009CEC9578BCB4A444AB0715A54085ED651675297800,0.5,1,0,0,0,0,0,0,0,0,Catch up on messages,FALSE,FALSE,FALSE,1,0,0,0,1,02/02/2023 00:30,d5775448-392e-33bd-8226-ae38b4a387ac,d619c590-6525-4a85-ae4d-b792ba558f50,NA,America/Los_Angeles,Mgr+,US,InternalCollaborator,Customer Service,1,6,Director,2,25/08/2012,27,Employee Group 27,Engineering,WPAPUBLICDEMO.ONMICROSOFT.COM,0000000-0000-0000-0000-0000000000,FALSE,0.5
040000008200E00074C5B7101A82E008000000009AC03DC2A731D901000000000000000010000000B5C87B7B69CB4C43B3DCD0CF682A2C101675367100,0.25,1,0,0,0,0,0,0,0,0,Catch up on messages,FALSE,FALSE,FALSE,1,0,0,0,1,02/02/2023 19:45,7407a274-f08a-3d6e-b3d4-137129a17c8e,169bf493-7f54-4550-a9ef-83ecb313e5cf,NA,America/Los_Angeles,Mgr+,US,InternalCollaborator,Facilities,2,6,Director,2,01/09/2012,37,Employee Group 37,Marketing,WPAPUBLICDEMO.ONMICROSOFT.COM,0000000-0000-0000-0000-0000000000,FALSE,0.25
040000008200E00074C5B7101A82E00800000000A0E263C2A731D901000000000000000010000000748312F065385748ABC9507DEF6B50641675374300,0.25,1,0,0,0,0,0,0,0,0,Take a break,FALSE,FALSE,FALSE,1,0,0,0,1,02/02/2023 21:45,7407a274-f08a-3d6e-b3d4-137129a17c8e,169bf493-7f54-4550-a9ef-83ecb313e5cf,NA,America/Los_Angeles,Mgr+,US,InternalCollaborator,Facilities,2,6,Director,2,01/09/2012,37,Employee Group 37,Marketing,WPAPUBLICDEMO.ONMICROSOFT.COM,0000000-0000-0000-0000-0000000000,FALSE,0.25
040000008200E00074C5B7101A82E00807E70202AE96CEF81C02D801000000000000000010000000E42D137D34D4CD4DBB9C167AAC7A3DF41675296000,408,17,0,0,0,0,0,0,0,0,Canceled: No-meeting day,TRUE,TRUE,TRUE,1,17,0,0,18,02/02/2023 00:00,889a5782-ce40-38b3-b44c-69953cf329b4,7c97a818-aa07-459d-a650-ebf352cce2f0,NA,America/Los_Angeles,Mgr+,US,InternalCollaborator,Finance-Corporate,5,14,Executive,1,30/05/2011,4,Employee Group 4,Finance,WPAPUBLICDEMO.ONMICROSOFT.COM,39124dce-a1e4-4bd0-b2d2-212a864cf67a,TRUE,24
040000008200E00074C5B7101A82E00807E70202B4F0FC4FA631D901000000000000000010000000323E58022FCC8541AF7E72DE72B2684E1675335600,3,1,0,0,0,0,0,0,0,0,Obed,FALSE,FALSE,TRUE,1,0,0,0,1,02/02/2023 11:00,7407a274-f08a-3d6e-b3d4-137129a17c8e,169bf493-7f54-4550-a9ef-83ecb313e5cf,NA,America/Los_Angeles,Mgr+,US,InternalCollaborator,Facilities,2,6,Director,2,01/09/2012,37,Employee Group 37,Marketing,WPAPUBLICDEMO.ONMICROSOFT.COM,0000000-0000-0000-0000-0000000000,FALSE,3
040000008200E00074C5B7101A82E00807E70202C61ACB1B5D21D90100000000000000001000000032728B17A95ACB4D8D75795CC26B27791675368000,1,1,0,0,0,0,0,0,0,0,Lunch,FALSE,FALSE,TRUE,1,0,0,0,1,02/02/2023 20:00,d5775448-392e-33bd-8226-ae38b4a387ac,d619c590-6525-4a85-ae4d-b792ba558f50,NA,America/Los_Angeles,Mgr+,US,InternalCollaborator,Customer Service,1,6,Director,2,25/08/2012,27,Employee Group 27,Engineering,WPAPUBLICDEMO.ONMICROSOFT.COM,0000000-0000-0000-0000-0000000000,FALSE,1
040000008200E00074C5B7101A82E00807E702022BE5955A2D24D801000000000000000010000000D87A0EA90A1288449B3C7F74B97FC42B1675296000,144,6,0,0,0,0,0,0,0,0,No-meeting day,TRUE,FALSE,TRUE,1,6,0,0,7,02/02/2023 00:00,bb097379-891f-3c7a-ab9b-bd723329dda5,44769754-9af5-4310-9007-c0ba986848d7,NA,America/Los_Angeles,Mgr+,US,InternalCollaborator,Biz Dev,0,6,Director,2,01/12/2013,17,Employee Group 17,Operations,WPAPUBLICDEMO.ONMICROSOFT.COM,3d7ed447-75a5-6488-a5d5-b45798a6fa17,TRUE,24
040000008200E00074C5B7101A82E00800000000F99E008B7631D901000000000000000010000000610794B0926AFD4BA38A0C24C1A526931675374300,0.083333336,1,0,0,0,0,0,0,0,0,Take a break,FALSE,FALSE,FALSE,1,0,0,0,1,02/02/2023 21:45,d5775448-392e-33bd-8226-ae38b4a387ac,d619c590-6525-4a85-ae4d-b792ba558f50,NA,America/Los_Angeles,Mgr+,US,InternalCollaborator,Customer Service,1,6,Director,2,25/08/2012,27,Employee Group 27,Engineering,WPAPUBLICDEMO.ONMICROSOFT.COM,0000000-0000-0000-0000-0000000000,FALSE,0.083333333
040000008200E00074C5B7101A82E008000000001B95637BE630D901000000000000000010000000FCDC2DECA8FBF242AB775DF5DABA3DF41675355400,2,1,0,0,0,0,0,0,0,0,Focus time,FALSE,FALSE,FALSE,1,0,0,0,1,02/02/2023 16:30,d5775448-392e-33bd-8226-ae38b4a387ac,d619c590-6525-4a85-ae4d-b792ba558f50,NA,America/Los_Angeles,Mgr+,US,InternalCollaborator,Customer Service,1,6,Director,2,25/08/2012,27,Employee Group 27,Engineering,WPAPUBLICDEMO.ONMICROSOFT.COM,0000000-0000-0000-0000-0000000000,FALSE,2
040000008200E00074C5B7101A82E00800000000E92321C2A731D901000000000000000010000000EB50F7FA73F0BA4980CF7A5B3C85B6131675363500,0.25,1,0,0,0,0,0,0,0,0,Take a break,FALSE,FALSE,FALSE,1,0,0,0,1,02/02/2023 18:45,7407a274-f08a-3d6e-b3d4-137129a17c8e,169bf493-7f54-4550-a9ef-83ecb313e5cf,NA,America/Los_Angeles,Mgr+,US,InternalCollaborator,Facilities,2,6,Director,2,01/09/2012,37,Employee Group 37,Marketing,WPAPUBLICDEMO.ONMICROSOFT.COM,0000000-0000-0000-0000-0000000000,FALSE,0.25
040000008200E00074C5B7101A82E008000000003D6AA5A03A2DD9010000000000000000100000007BF940A7FB03F14CBD8D8D3A5B71EF141675326600,2,1,0,0,0,0,0,0,0,0,Focus time,FALSE,FALSE,FALSE,1,0,0,0,1,02/02/2023 08:30,8e357da8-d9c2-3f2a-8b51-bac09377e49e,1c5f7232-c62f-419f-b58e-e0b99525509c,NA,Etc/UTC,Mgr+,US,InternalCollaborator,Biz Dev,1,14,Executive,1,08/01/2015,1,Employee Group 1,Operations,WPAPUBLICDEMO.ONMICROSOFT.COM,3773d00d-aa7b-4327-983a-013e82842959,TRUE,2
040000008200E00074C5B7101A82E00800000000B129E3C1A731D901000000000000000010000000C02CE507153DD24AA51991C0369704B71675355400,2,1,0,0,0,0,0,0,0,0,Focus time,FALSE,FALSE,FALSE,1,0,0,0,1,02/02/2023 16:30,7407a274-f08a-3d6e-b3d4-137129a17c8e,169bf493-7f54-4550-a9ef-83ecb313e5cf,NA,America/Los_Angeles,Mgr+,US,InternalCollaborator,Facilities,2,6,Director,2,01/09/2012,37,Employee Group 37,Marketing,WPAPUBLICDEMO.ONMICROSOFT.COM,0000000-0000-0000-0000-0000000000,FALSE,2
040000008200E00074C5B7101A82E008000000000729EB8A7631D901000000000000000010000000EE8D569CB1EB924EAAD41CEBF5037BC51675363500,0.083333336,1,0,0,0,0,0,0,0,0,Take a break,FALSE,FALSE,FALSE,1,0,0,0,1,02/02/2023 18:45,d5775448-392e-33bd-8226-ae38b4a387ac,d619c590-6525-4a85-ae4d-b792ba558f50,NA,America/Los_Angeles,Mgr+,US,InternalCollaborator,Customer Service,1,6,Director,2,25/08/2012,27,Employee Group 27,Engineering,WPAPUBLICDEMO.ONMICROSOFT.COM,0000000-0000-0000-0000-0000000000,FALSE,0.083333333
040000008200E00074C5B7101A82E008000000008073188B7631D9010000000000000000100000001C41A6ED477EBD419875CCD5ADE75D811675449900,0.083333336,1,0,0,0,0,0,0,0,0,Take a break,FALSE,FALSE,FALSE,1,0,0,0,1,03/02/2023 18:45,d5775448-392e-33bd-8226-ae38b4a387ac,d619c590-6525-4a85-ae4d-b792ba558f50,NA,America/Los_Angeles,Mgr+,US,InternalCollaborator,Customer Service,1,6,Director,2,25/08/2012,27,Employee Group 27,Engineering,WPAPUBLICDEMO.ONMICROSOFT.COM,0000000-0000-0000-0000-0000000000,FALSE,0.083333333
040000008200E00074C5B7101A82E008000000003E9CE48C7631D901000000000000000010000000641F8E35C354B6458F4A18F165E517FA1675384200,0.5,1,0,0,0,0,0,0,0,0,Catch up on messages,FALSE,FALSE,FALSE,1,0,0,0,1,03/02/2023 00:30,d5775448-392e-33bd-8226-ae38b4a387ac,d619c590-6525-4a85-ae4d-b792ba558f50,NA,America/Los_Angeles,Mgr+,US,InternalCollaborator,Customer Service,1,6,Director,2,25/08/2012,27,Employee Group 27,Engineering,WPAPUBLICDEMO.ONMICROSOFT.COM,0000000-0000-0000-0000-0000000000,FALSE,0.5
040000008200E00074C5B7101A82E00800000000E8ACF6CB5732D90100000000000000001000000021D549FB1500814CA33CB979662C40531675458000,1,1,0,0,0,0,0,0,0,0,Learning time,FALSE,FALSE,FALSE,1,0,0,0,1,03/02/2023 21:00,7407a274-f08a-3d6e-b3d4-137129a17c8e,169bf493-7f54-4550-a9ef-83ecb313e5cf,NA,America/Los_Angeles,Mgr+,US,InternalCollaborator,Facilities,2,6,Director,2,01/09/2012,37,Employee Group 37,Marketing,WPAPUBLICDEMO.ONMICROSOFT.COM,0000000-0000-0000-0000-0000000000,FALSE,1
040000008200E00074C5B7101A82E00807E70203C44B90D12C02D801000000000000000010000000A65F24BC4932D34DAC6BB0B811E6D8DB1675382400,432,18,0,0,0,0,0,0,0,0,No-meeting day,TRUE,FALSE,TRUE,1,17,0,0,18,03/02/2023 00:00,889a5782-ce40-38b3-b44c-69953cf329b4,7c97a818-aa07-459d-a650-ebf352cce2f0,NA,America/Los_Angeles,Mgr+,US,InternalCollaborator,Finance-Corporate,5,14,Executive,1,30/05/2011,4,Employee Group 4,Finance,WPAPUBLICDEMO.ONMICROSOFT.COM,39124dce-a1e4-4bd0-b2d2-212a864cf67a,TRUE,24
040000008200E00074C5B7101A82E008000000003292827BE630D9010000000000000000100000006117F354912A7C49A3D09161C687BAFB1675441800,2,1,0,0,0,0,0,0,0,0,Focus time,FALSE,FALSE,FALSE,1,0,0,0,1,03/02/2023 16:30,d5775448-392e-33bd-8226-ae38b4a387ac,d619c590-6525-4a85-ae4d-b792ba558f50,NA,America/Los_Angeles,Mgr+,US,InternalCollaborator,Customer Service,1,6,Director,2,25/08/2012,27,Employee Group 27,Engineering,WPAPUBLICDEMO.ONMICROSOFT.COM,0000000-0000-0000-0000-0000000000,FALSE,2
040000008200E00074C5B7101A82E00800000000535EB0C2A731D901000000000000000010000000352E4E5AB37F2940937C32631BEB3C561675449000,0.25,1,0,0,0,0,0,0,0,0,Take a break,FALSE,FALSE,FALSE,1,0,0,0,1,03/02/2023 18:30,7407a274-f08a-3d6e-b3d4-137129a17c8e,169bf493-7f54-4550-a9ef-83ecb313e5cf,NA,America/Los_Angeles,Mgr+,US,InternalCollaborator,Facilities,2,6,Director,2,01/09/2012,37,Employee Group 37,Marketing,WPAPUBLICDEMO.ONMICROSOFT.COM,0000000-0000-0000-0000-0000000000,FALSE,0.25
040000008200E00074C5B7101A82E008000000004BA487C2A731D901000000000000000010000000257106F07669AA4D9531D07C0428E6D51675441800,2,1,0,0,0,0,0,0,0,0,Focus time,FALSE,FALSE,FALSE,1,0,0,0,1,03/02/2023 16:30,7407a274-f08a-3d6e-b3d4-137129a17c8e,169bf493-7f54-4550-a9ef-83ecb313e5cf,NA,America/Los_Angeles,Mgr+,US,InternalCollaborator,Facilities,2,6,Director,2,01/09/2012,37,Employee Group 37,Marketing,WPAPUBLICDEMO.ONMICROSOFT.COM,0000000-0000-0000-0000-0000000000,FALSE,2
040000008200E00074C5B7101A82E00807E70203C61ACB1B5D21D90100000000000000001000000032728B17A95ACB4D8D75795CC26B27791675454400,1,1,0,0,0,0,0,0,0,0,Lunch,FALSE,FALSE,TRUE,1,0,0,0,1,03/02/2023 20:00,d5775448-392e-33bd-8226-ae38b4a387ac,d619c590-6525-4a85-ae4d-b792ba558f50,NA,America/Los_Angeles,Mgr+,US,InternalCollaborator,Customer Service,1,6,Director,2,25/08/2012,27,Employee Group 27,Engineering,WPAPUBLICDEMO.ONMICROSOFT.COM,0000000-0000-0000-0000-0000000000,FALSE,1
040000008200E00074C5B7101A82E00800000000D4BAF0C2A731D901000000000000000010000000E297FA208ACE32418F58BB678ED9B4F21675453500,0.25,1,0,0,0,0,0,0,0,0,Catch up on messages,FALSE,FALSE,FALSE,1,0,0,0,1,03/02/2023 19:45,7407a274-f08a-3d6e-b3d4-137129a17c8e,169bf493-7f54-4550-a9ef-83ecb313e5cf,NA,America/Los_Angeles,Mgr+,US,InternalCollaborator,Facilities,2,6,Director,2,01/09/2012,37,Employee Group 37,Marketing,WPAPUBLICDEMO.ONMICROSOFT.COM,0000000-0000-0000-0000-0000000000,FALSE,0.25
040000008200E00074C5B7101A82E00800000000CFC389386D32D9010000000000000000100000009FC9E0E620EEB14B958EA85A6B4EA18A1675450800,1,1,0,0,0,0,0,0,0,0,Learning time,FALSE,FALSE,FALSE,1,0,0,0,1,03/02/2023 19:00,d5775448-392e-33bd-8226-ae38b4a387ac,d619c590-6525-4a85-ae4d-b792ba558f50,NA,America/Los_Angeles,Mgr+,US,InternalCollaborator,Customer Service,1,6,Director,2,25/08/2012,27,Employee Group 27,Engineering,WPAPUBLICDEMO.ONMICROSOFT.COM,0000000-0000-0000-0000-0000000000,FALSE,1
040000008200E00074C5B7101A82E00800000000F4D8D9A03A2DD90100000000000000001000000072748C05E4BEA744917B90E99184D8941675413000,2,1,0,0,0,0,0,0,0,0,Focus time,FALSE,FALSE,FALSE,1,0,0,0,1,03/02/2023 08:30,8e357da8-d9c2-3f2a-8b51-bac09377e49e,1c5f7232-c62f-419f-b58e-e0b99525509c,NA,Etc/UTC,Mgr+,US,InternalCollaborator,Biz Dev,1,14,Executive,1,08/01/2015,1,Employee Group 1,Operations,WPAPUBLICDEMO.ONMICROSOFT.COM,3773d00d-aa7b-4327-983a-013e82842959,TRUE,2
040000008200E00074C5B7101A82E00800000000349108C3A731D9010000000000000000100000004D990FCA8D28254D9F402566261CDED71675457100,0.25,1,0,0,0,0,0,0,0,0,Take a break,FALSE,FALSE,FALSE,1,0,0,0,1,03/02/2023 20:45,7407a274-f08a-3d6e-b3d4-137129a17c8e,169bf493-7f54-4550-a9ef-83ecb313e5cf,NA,America/Los_Angeles,Mgr+,US,InternalCollaborator,Facilities,2,6,Director,2,01/09/2012,37,Employee Group 37,Marketing,WPAPUBLICDEMO.ONMICROSOFT.COM,0000000-0000-0000-0000-0000000000,FALSE,0.25
040000008200E00074C5B7101A82E008000000009A852B8B7631D901000000000000000010000000DC8BBDC39F294E408B50997D5A962C711675460700,0.083333336,1,0,0,0,0,0,0,0,0,Take a break,FALSE,FALSE,FALSE,1,0,0,0,1,03/02/2023 21:45,d5775448-392e-33bd-8226-ae38b4a387ac,d619c590-6525-4a85-ae4d-b792ba558f50,NA,America/Los_Angeles,Mgr+,US,InternalCollaborator,Customer Service,1,6,Director,2,25/08/2012,27,Employee Group 27,Engineering,WPAPUBLICDEMO.ONMICROSOFT.COM,0000000-0000-0000-0000-0000000000,FALSE,0.083333333
040000008200E00074C5B7101A82E00807E70203B4F0FC4FA631D901000000000000000010000000323E58022FCC8541AF7E72DE72B2684E1675422000,3,1,0,0,0,0,0,0,0,0,Obed,FALSE,FALSE,TRUE,1,0,0,0,1,03/02/2023 11:00,7407a274-f08a-3d6e-b3d4-137129a17c8e,169bf493-7f54-4550-a9ef-83ecb313e5cf,NA,America/Los_Angeles,Mgr+,US,InternalCollaborator,Facilities,2,6,Director,2,01/09/2012,37,Employee Group 37,Marketing,WPAPUBLICDEMO.ONMICROSOFT.COM,0000000-0000-0000-0000-0000000000,FALSE,3
040000008200E00074C5B7101A82E008000000007A11FA8C7631D9010000000000000000100000005E93CD8EA0DF8946B9D9102D595F86011675470600,0.5,1,0,0,0,0,0,0,0,0,Catch up on messages,FALSE,FALSE,FALSE,1,0,0,0,1,04/02/2023 00:30,d5775448-392e-33bd-8226-ae38b4a387ac,d619c590-6525-4a85-ae4d-b792ba558f50,NA,America/Los_Angeles,Mgr+,US,InternalCollaborator,Customer Service,1,6,Director,2,25/08/2012,27,Employee Group 27,Engineering,WPAPUBLICDEMO.ONMICROSOFT.COM,0000000-0000-0000-0000-0000000000,FALSE,0.5
040000008200E00074C5B7101A82E00807E70204A53A195AF3A3D801000000000000000010000000DA977C8D33EDA0459DA7F6CB2EAF35E31675468800,216,9,0,0,0,0,0,0,0,0,Canceled: <U+7121><U+6703><U+8B70><U+65E5>,TRUE,TRUE,TRUE,1,10,0,0,11,04/02/2023 00:00,7407a274-f08a-3d6e-b3d4-137129a17c8e,169bf493-7f54-4550-a9ef-83ecb313e5cf,NA,America/Los_Angeles,Mgr+,US,InternalCollaborator,Facilities,2,6,Director,2,01/09/2012,37,Employee Group 37,Marketing,WPAPUBLICDEMO.ONMICROSOFT.COM,0000000-0000-0000-0000-0000000000,FALSE,24
040000008200E00074C5B7101A82E00807E702040C225123ACE2D7010000000000000000100000006B1061F14266C448936F870C3F5AE8411675468800,312,13,0,0,0,0,0,0,0,0,Canceled: No-meeting day,TRUE,TRUE,TRUE,1,13,0,0,14,04/02/2023 00:00,f8ed6de3-7463-3a45-bbf6-026bb89424c0,aecc65cc-4ffa-4f88-9469-805953a2f4e4,NA,America/Los_Angeles,Mgr+,US,InternalCollaborator,Human Resources,3,14,Executive,1,11/07/2012,12,Employee Group 12,Operations,WPAPUBLICDEMO.ONMICROSOFT.COM,654a4f57-5b27-63c5-a500-849df79cb3b8,TRUE,24
040000008200E00074C5B7101A82E0080000000050F095DCAB32D901000000000000000010000000183B2CAA9BE9B8428D48FE6EAD55382D1675672200,2,1,0,0,0,0,0,0,0,0,Focus time,FALSE,FALSE,FALSE,1,0,0,0,1,06/02/2023 08:30,8e357da8-d9c2-3f2a-8b51-bac09377e49e,1c5f7232-c62f-419f-b58e-e0b99525509c,NA,Etc/UTC,Mgr+,US,InternalCollaborator,Biz Dev,1,14,Executive,1,08/01/2015,1,Employee Group 1,Operations,WPAPUBLICDEMO.ONMICROSOFT.COM,3773d00d-aa7b-4327-983a-013e82842959,TRUE,2
040000008200E00074C5B7101A82E00800000000B661F974F432D901000000000000000010000000F3BB732B428D02418DFE9D597A235C4F1675702800,2,1,0,0,0,0,0,0,0,0,Focus time,FALSE,FALSE,FALSE,1,0,0,0,1,06/02/2023 17:00,889a5782-ce40-38b3-b44c-69953cf329b4,7c97a818-aa07-459d-a650-ebf352cce2f0,NA,America/Los_Angeles,Mgr+,US,InternalCollaborator,Finance-Corporate,5,14,Executive,1,30/05/2011,4,Employee Group 4,Finance,WPAPUBLICDEMO.ONMICROSOFT.COM,39124dce-a1e4-4bd0-b2d2-212a864cf67a,TRUE,2
040000008200E00074C5B7101A82E00800000000F2ABDC6B0833D9010000000000000000100000007C9F5BAC632D1241BD3E8603C3E10A621675701000,2,1,0,0,0,0,0,0,0,0,Focus time,FALSE,FALSE,FALSE,1,0,0,0,1,06/02/2023 16:30,7407a274-f08a-3d6e-b3d4-137129a17c8e,169bf493-7f54-4550-a9ef-83ecb313e5cf,NA,America/Los_Angeles,Mgr+,US,InternalCollaborator,Facilities,2,6,Director,2,01/09/2012,37,Employee Group 37,Marketing,WPAPUBLICDEMO.ONMICROSOFT.COM,0000000-0000-0000-0000-0000000000,FALSE,2
040000008200E00074C5B7101A82E00800000000594990810D33D901000000000000000010000000B3EEFEF192B1ED49A55EBB054B130E271675701000,2,1,0,0,0,0,0,0,0,0,Focus time,FALSE,FALSE,FALSE,1,0,0,0,1,06/02/2023 16:30,d5775448-392e-33bd-8226-ae38b4a387ac,d619c590-6525-4a85-ae4d-b792ba558f50,NA,America/Los_Angeles,Mgr+,US,InternalCollaborator,Customer Service,1,6,Director,2,25/08/2012,27,Employee Group 27,Engineering,WPAPUBLICDEMO.ONMICROSOFT.COM,0000000-0000-0000-0000-0000000000,FALSE,2
040000008200E00074C5B7101A82E00807E70206C61ACB1B5D21D90100000000000000001000000032728B17A95ACB4D8D75795CC26B27791675713600,1,1,0,0,0,0,0,0,0,0,Lunch,FALSE,FALSE,TRUE,1,0,0,0,1,06/02/2023 20:00,d5775448-392e-33bd-8226-ae38b4a387ac,d619c590-6525-4a85-ae4d-b792ba558f50,NA,America/Los_Angeles,Mgr+,US,InternalCollaborator,Customer Service,1,6,Director,2,25/08/2012,27,Employee Group 27,Engineering,WPAPUBLICDEMO.ONMICROSOFT.COM,0000000-0000-0000-0000-0000000000,FALSE,1
040000008200E00074C5B7101A82E00807E70206B4F0FC4FA631D901000000000000000010000000323E58022FCC8541AF7E72DE72B2684E1675681200,3,1,0,0,0,0,0,0,0,0,Obed,FALSE,FALSE,TRUE,1,0,0,0,1,06/02/2023 11:00,7407a274-f08a-3d6e-b3d4-137129a17c8e,169bf493-7f54-4550-a9ef-83ecb313e5cf,NA,America/Los_Angeles,Mgr+,US,InternalCollaborator,Facilities,2,6,Director,2,01/09/2012,37,Employee Group 37,Marketing,WPAPUBLICDEMO.ONMICROSOFT.COM,0000000-0000-0000-0000-0000000000,FALSE,3
040000008200E00074C5B7101A82E008000000009F6496820D33D901000000000000000010000000EF7D8AE9B8EA5C4A99E98C04422B077A1675719900,0.083333336,1,0,0,0,0,0,0,0,0,Take a break,FALSE,FALSE,FALSE,1,0,0,0,1,06/02/2023 21:45,d5775448-392e-33bd-8226-ae38b4a387ac,d619c590-6525-4a85-ae4d-b792ba558f50,NA,America/Los_Angeles,Mgr+,US,InternalCollaborator,Customer Service,1,6,Director,2,25/08/2012,27,Employee Group 27,Engineering,WPAPUBLICDEMO.ONMICROSOFT.COM,0000000-0000-0000-0000-0000000000,FALSE,0.083333333
040000008200E00074C5B7101A82E008000000007F8C7E820D33D9010000000000000000100000005F7DF846A5BB494EA434A383503F23E71675709100,0.083333336,1,0,0,0,0,0,0,0,0,Take a break,FALSE,FALSE,FALSE,1,0,0,0,1,06/02/2023 18:45,d5775448-392e-33bd-8226-ae38b4a387ac,d619c590-6525-4a85-ae4d-b792ba558f50,NA,America/Los_Angeles,Mgr+,US,InternalCollaborator,Customer Service,1,6,Director,2,25/08/2012,27,Employee Group 27,Engineering,WPAPUBLICDEMO.ONMICROSOFT.COM,0000000-0000-0000-0000-0000000000,FALSE,0.083333333
040000008200E00074C5B7101A82E00800000000BF615C8C0A33D9010000000000000000100000002FD150E0C9CC32488844F0E3832F5C351675712700,0.25,1,0,0,0,0,0,0,0,0,Catch up on messages,FALSE,FALSE,FALSE,1,0,0,0,1,06/02/2023 19:45,7407a274-f08a-3d6e-b3d4-137129a17c8e,169bf493-7f54-4550-a9ef-83ecb313e5cf,NA,America/Los_Angeles,Mgr+,US,InternalCollaborator,Facilities,2,6,Director,2,01/09/2012,37,Employee Group 37,Marketing,WPAPUBLICDEMO.ONMICROSOFT.COM,0000000-0000-0000-0000-0000000000,FALSE,0.25
040000008200E00074C5B7101A82E008000000006F7FD9310733D901000000000000000010000000BA5DE9996CE29649AE2D28979830F1CE1675701000,2,1,0,0,0,0,0,0,0,0,Focus time,FALSE,FALSE,FALSE,1,0,0,0,1,06/02/2023 16:30,f8ed6de3-7463-3a45-bbf6-026bb89424c0,aecc65cc-4ffa-4f88-9469-805953a2f4e4,NA,America/Los_Angeles,Mgr+,US,InternalCollaborator,Human Resources,3,14,Executive,1,11/07/2012,12,Employee Group 12,Operations,WPAPUBLICDEMO.ONMICROSOFT.COM,654a4f57-5b27-63c5-a500-849df79cb3b8,TRUE,2
040000008200E00074C5B7101A82E00807E70207FD43784EFB2FD901000000000000000010000000CAE41AFF809F124DBFD784B86AB960B31675728000,46.5,2,0,0,0,0,0,0,0,0,Møtefri dag,TRUE,FALSE,TRUE,1,1,0,0,2,07/02/2023 00:00,d5775448-392e-33bd-8226-ae38b4a387ac,d619c590-6525-4a85-ae4d-b792ba558f50,NA,America/Los_Angeles,Mgr+,US,InternalCollaborator,Customer Service,1,6,Director,2,25/08/2012,27,Employee Group 27,Engineering,WPAPUBLICDEMO.ONMICROSOFT.COM,0000000-0000-0000-0000-0000000000,FALSE,24
040000008200E00074C5B7101A82E0080000000097522F320733D901000000000000000010000000FE2604766C5BC946BEEE35CC5D84BC391675787400,2,1,0,0,0,0,0,0,0,0,Focus time,FALSE,FALSE,FALSE,1,0,0,0,1,07/02/2023 16:30,f8ed6de3-7463-3a45-bbf6-026bb89424c0,aecc65cc-4ffa-4f88-9469-805953a2f4e4,NA,America/Los_Angeles,Mgr+,US,InternalCollaborator,Human Resources,3,14,Executive,1,11/07/2012,12,Employee Group 12,Operations,WPAPUBLICDEMO.ONMICROSOFT.COM,654a4f57-5b27-63c5-a500-849df79cb3b8,TRUE,2
040000008200E00074C5B7101A82E0080000000095D27D5A8C3AD901000000000000000010000000DDB4A8F9A809AD45983350F6A5EC7E9E1675787400,2,1,0,0,0,0,0,0,0,0,Focus time,FALSE,FALSE,FALSE,1,0,0,0,1,07/02/2023 16:30,0f80b8f3-795f-3f65-b3aa-9f516d964c63,c15c2ff3-3dca-4b8b-a877-b4a4553d1172,NA,America/Los_Angeles,Mgr+,US,InternalCollaborator,G&A East,2,6,Director,2,16/05/2015,111,Employee Group 111,R_and_D,WPAPUBLICDEMO.ONMICROSOFT.COM,0000000-0000-0000-0000-0000000000,FALSE,2
040000008200E00074C5B7101A82E00807E70207B4F0FC4FA631D901000000000000000010000000323E58022FCC8541AF7E72DE72B2684E1675767600,3,1,0,0,0,0,0,0,0,0,Obed,FALSE,FALSE,TRUE,1,0,0,0,1,07/02/2023 11:00,7407a274-f08a-3d6e-b3d4-137129a17c8e,169bf493-7f54-4550-a9ef-83ecb313e5cf,NA,America/Los_Angeles,Mgr+,US,InternalCollaborator,Facilities,2,6,Director,2,01/09/2012,37,Employee Group 37,Marketing,WPAPUBLICDEMO.ONMICROSOFT.COM,0000000-0000-0000-0000-0000000000,FALSE,3
040000008200E00074C5B7101A82E00807E70207C61ACB1B5D21D90100000000000000001000000032728B17A95ACB4D8D75795CC26B27791675800000,1,1,0,0,0,0,0,0,0,0,Lunch,FALSE,FALSE,TRUE,1,0,0,0,1,07/02/2023 20:00,d5775448-392e-33bd-8226-ae38b4a387ac,d619c590-6525-4a85-ae4d-b792ba558f50,NA,America/Los_Angeles,Mgr+,US,InternalCollaborator,Customer Service,1,6,Director,2,25/08/2012,27,Employee Group 27,Engineering,WPAPUBLICDEMO.ONMICROSOFT.COM,0000000-0000-0000-0000-0000000000,FALSE,1
040000008200E00074C5B7101A82E00800000000C29EC5DCAB32D9010000000000000000100000008387A6F690124A42B63016B73A7A7B651675758600,2,1,0,0,0,0,0,0,0,0,Focus time,FALSE,FALSE,FALSE,1,0,0,0,1,07/02/2023 08:30,8e357da8-d9c2-3f2a-8b51-bac09377e49e,1c5f7232-c62f-419f-b58e-e0b99525509c,NA,Etc/UTC,Mgr+,US,InternalCollaborator,Biz Dev,1,14,Executive,1,08/01/2015,1,Employee Group 1,Operations,WPAPUBLICDEMO.ONMICROSOFT.COM,3773d00d-aa7b-4327-983a-013e82842959,TRUE,2
040000008200E00074C5B7101A82E0080000000046BE9C8C0A33D901000000000000000010000000474A978F52923B469E5BA639C1548EA81675799100,0.25,1,0,0,0,0,0,0,0,0,Catch up on messages,FALSE,FALSE,FALSE,1,0,0,0,1,07/02/2023 19:45,7407a274-f08a-3d6e-b3d4-137129a17c8e,169bf493-7f54-4550-a9ef-83ecb313e5cf,NA,America/Los_Angeles,Mgr+,US,InternalCollaborator,Facilities,2,6,Director,2,01/09/2012,37,Employee Group 37,Marketing,WPAPUBLICDEMO.ONMICROSOFT.COM,0000000-0000-0000-0000-0000000000,FALSE,0.25
040000008200E00074C5B7101A82E00800000000BB959A830D33D9010000000000000000100000004BFF4B521A353642965DA682D69237F21675729800,0.5,1,0,0,0,0,0,0,0,0,Catch up on messages,FALSE,FALSE,FALSE,1,0,0,0,1,07/02/2023 00:30,d5775448-392e-33bd-8226-ae38b4a387ac,d619c590-6525-4a85-ae4d-b792ba558f50,NA,America/Los_Angeles,Mgr+,US,InternalCollaborator,Customer Service,1,6,Director,2,25/08/2012,27,Employee Group 27,Engineering,WPAPUBLICDEMO.ONMICROSOFT.COM,0000000-0000-0000-0000-0000000000,FALSE,0.5
040000008200E00074C5B7101A82E00800000000DA03036C0833D90100000000000000001000000060EBCC8430E7CC448EF368D2F5698EE31675787400,2,1,0,0,0,0,0,0,0,0,Focus time,FALSE,FALSE,FALSE,1,0,0,0,1,07/02/2023 16:30,7407a274-f08a-3d6e-b3d4-137129a17c8e,169bf493-7f54-4550-a9ef-83ecb313e5cf,NA,America/Los_Angeles,Mgr+,US,InternalCollaborator,Facilities,2,6,Director,2,01/09/2012,37,Employee Group 37,Marketing,WPAPUBLICDEMO.ONMICROSOFT.COM,0000000-0000-0000-0000-0000000000,FALSE,2
040000008200E00074C5B7101A82E00800000000EF71C8820D33D9010000000000000000100000005133610518E9284B89B57C8020A033531675892700,0.083333336,1,0,0,0,0,0,0,0,0,Take a break,FALSE,FALSE,FALSE,1,0,0,0,1,08/02/2023 21:45,d5775448-392e-33bd-8226-ae38b4a387ac,d619c590-6525-4a85-ae4d-b792ba558f50,NA,America/Los_Angeles,Mgr+,US,InternalCollaborator,Customer Service,1,6,Director,2,25/08/2012,27,Employee Group 27,Engineering,WPAPUBLICDEMO.ONMICROSOFT.COM,0000000-0000-0000-0000-0000000000,FALSE,0.083333333
040000008200E00074C5B7101A82E008000000008558A65A8C3AD90100000000000000001000000014783DF5B04FD14B9B93F5CB22A270191675873800,2,1,0,0,0,0,0,0,0,0,Focus time,FALSE,FALSE,FALSE,1,0,0,0,1,08/02/2023 16:30,0f80b8f3-795f-3f65-b3aa-9f516d964c63,c15c2ff3-3dca-4b8b-a877-b4a4553d1172,NA,America/Los_Angeles,Mgr+,US,InternalCollaborator,G&A East,2,6,Director,2,16/05/2015,111,Employee Group 111,R_and_D,WPAPUBLICDEMO.ONMICROSOFT.COM,0000000-0000-0000-0000-0000000000,FALSE,2
040000008200E00074C5B7101A82E00800000000AFF03975F432D9010000000000000000100000000AA968C38358824B82557AC9D4480B231675875600,2,1,0,0,0,0,0,0,0,0,Focus time,FALSE,FALSE,FALSE,1,0,0,0,1,08/02/2023 17:00,889a5782-ce40-38b3-b44c-69953cf329b4,7c97a818-aa07-459d-a650-ebf352cce2f0,NA,America/Los_Angeles,Mgr+,US,InternalCollaborator,Finance-Corporate,5,14,Executive,1,30/05/2011,4,Employee Group 4,Finance,WPAPUBLICDEMO.ONMICROSOFT.COM,39124dce-a1e4-4bd0-b2d2-212a864cf67a,TRUE,2
040000008200E00074C5B7101A82E008000000004639AE820D33D90100000000000000001000000078A0959C8E37B949ADD7693DB0D7DDCF1675881900,0.083333336,1,0,0,0,0,0,0,0,0,Take a break,FALSE,FALSE,FALSE,1,0,0,0,1,08/02/2023 18:45,d5775448-392e-33bd-8226-ae38b4a387ac,d619c590-6525-4a85-ae4d-b792ba558f50,NA,America/Los_Angeles,Mgr+,US,InternalCollaborator,Customer Service,1,6,Director,2,25/08/2012,27,Employee Group 27,Engineering,WPAPUBLICDEMO.ONMICROSOFT.COM,0000000-0000-0000-0000-0000000000,FALSE,0.083333333
040000008200E00074C5B7101A82E0080000000093C2DF8C0A33D901000000000000000010000000F6FF3FBD138A44478622499E3A9C30E41675885500,0.25,1,0,0,0,0,0,0,0,0,Catch up on messages,FALSE,FALSE,FALSE,1,0,0,0,1,08/02/2023 19:45,7407a274-f08a-3d6e-b3d4-137129a17c8e,169bf493-7f54-4550-a9ef-83ecb313e5cf,NA,America/Los_Angeles,Mgr+,US,InternalCollaborator,Facilities,2,6,Director,2,01/09/2012,37,Employee Group 37,Marketing,WPAPUBLICDEMO.ONMICROSOFT.COM,0000000-0000-0000-0000-0000000000,FALSE,0.25
040000008200E00074C5B7101A82E0080000000033F9EBDCAB32D90100000000000000001000000084B54D82FCD7A743A6D02EA29EDCE8C01675845000,2,1,0,0,0,0,0,0,0,0,Focus time,FALSE,FALSE,FALSE,1,0,0,0,1,08/02/2023 08:30,8e357da8-d9c2-3f2a-8b51-bac09377e49e,1c5f7232-c62f-419f-b58e-e0b99525509c,NA,Etc/UTC,Mgr+,US,InternalCollaborator,Biz Dev,1,14,Executive,1,08/01/2015,1,Employee Group 1,Operations,WPAPUBLICDEMO.ONMICROSOFT.COM,3773d00d-aa7b-4327-983a-013e82842959,TRUE,2
040000008200E00074C5B7101A82E00807E70208B4F0FC4FA631D901000000000000000010000000323E58022FCC8541AF7E72DE72B2684E1675854000,3,1,0,0,0,0,0,0,0,0,Obed,FALSE,FALSE,TRUE,1,0,0,0,1,08/02/2023 11:00,7407a274-f08a-3d6e-b3d4-137129a17c8e,169bf493-7f54-4550-a9ef-83ecb313e5cf,NA,America/Los_Angeles,Mgr+,US,InternalCollaborator,Facilities,2,6,Director,2,01/09/2012,37,Employee Group 37,Marketing,WPAPUBLICDEMO.ONMICROSOFT.COM,0000000-0000-0000-0000-0000000000,FALSE,3
040000008200E00074C5B7101A82E008000000008E7755320733D901000000000000000010000000C9563E4C1DEBD34AB2B4F1001DA031B61675873800,2,1,0,0,0,0,0,0,0,0,Focus time,FALSE,FALSE,FALSE,1,0,0,0,1,08/02/2023 16:30,f8ed6de3-7463-3a45-bbf6-026bb89424c0,aecc65cc-4ffa-4f88-9469-805953a2f4e4,NA,America/Los_Angeles,Mgr+,US,InternalCollaborator,Human Resources,3,14,Executive,1,11/07/2012,12,Employee Group 12,Operations,WPAPUBLICDEMO.ONMICROSOFT.COM,654a4f57-5b27-63c5-a500-849df79cb3b8,TRUE,2
040000008200E00074C5B7101A82E00807E70208188C62D41F02D8010000000000000000100000003BA3EF0A9CC56140B760EA9AD1B0971B1675814400,408,17,0,0,0,0,0,0,0,0,Canceled: No-meeting day,TRUE,TRUE,TRUE,1,17,0,0,18,08/02/2023 00:00,889a5782-ce40-38b3-b44c-69953cf329b4,7c97a818-aa07-459d-a650-ebf352cce2f0,NA,America/Los_Angeles,Mgr+,US,InternalCollaborator,Finance-Corporate,5,14,Executive,1,30/05/2011,4,Employee Group 4,Finance,WPAPUBLICDEMO.ONMICROSOFT.COM,39124dce-a1e4-4bd0-b2d2-212a864cf67a,TRUE,24
040000008200E00074C5B7101A82E00807E70208C61ACB1B5D21D90100000000000000001000000032728B17A95ACB4D8D75795CC26B27791675886400,1,1,0,0,0,0,0,0,0,0,Lunch,FALSE,FALSE,TRUE,1,0,0,0,1,08/02/2023 20:00,d5775448-392e-33bd-8226-ae38b4a387ac,d619c590-6525-4a85-ae4d-b792ba558f50,NA,America/Los_Angeles,Mgr+,US,InternalCollaborator,Customer Service,1,6,Director,2,25/08/2012,27,Employee Group 27,Engineering,WPAPUBLICDEMO.ONMICROSOFT.COM,0000000-0000-0000-0000-0000000000,FALSE,1
040000008200E00074C5B7101A82E008000000002363246C0833D901000000000000000010000000E1A01C3E3F8C764BA0949B23F1EFD4E41675873800,2,1,0,0,0,0,0,0,0,0,Focus time,FALSE,FALSE,FALSE,1,0,0,0,1,08/02/2023 16:30,7407a274-f08a-3d6e-b3d4-137129a17c8e,169bf493-7f54-4550-a9ef-83ecb313e5cf,NA,America/Los_Angeles,Mgr+,US,InternalCollaborator,Facilities,2,6,Director,2,01/09/2012,37,Employee Group 37,Marketing,WPAPUBLICDEMO.ONMICROSOFT.COM,0000000-0000-0000-0000-0000000000,FALSE,2
040000008200E00074C5B7101A82E008000000004EB8C4810D33D9010000000000000000100000005B9E7EF8AC5C0E41857F77EF904896EC1675873800,2,1,0,0,0,0,0,0,0,0,Focus time,FALSE,FALSE,FALSE,1,0,0,0,1,08/02/2023 16:30,d5775448-392e-33bd-8226-ae38b4a387ac,d619c590-6525-4a85-ae4d-b792ba558f50,NA,America/Los_Angeles,Mgr+,US,InternalCollaborator,Customer Service,1,6,Director,2,25/08/2012,27,Employee Group 27,Engineering,WPAPUBLICDEMO.ONMICROSOFT.COM,0000000-0000-0000-0000-0000000000,FALSE,2
040000008200E00074C5B7101A82E00807E70209B4F0FC4FA631D901000000000000000010000000323E58022FCC8541AF7E72DE72B2684E1675940400,3,1,0,0,0,0,0,0,0,0,Obed,FALSE,FALSE,TRUE,1,0,0,0,1,09/02/2023 11:00,7407a274-f08a-3d6e-b3d4-137129a17c8e,169bf493-7f54-4550-a9ef-83ecb313e5cf,NA,America/Los_Angeles,Mgr+,US,InternalCollaborator,Facilities,2,6,Director,2,01/09/2012,37,Employee Group 37,Marketing,WPAPUBLICDEMO.ONMICROSOFT.COM,0000000-0000-0000-0000-0000000000,FALSE,3
040000008200E00074C5B7101A82E00800000000994319DDAB32D901000000000000000010000000FE22682ACBA6584E9B361A96AD0277001675931400,2,1,0,0,0,0,0,0,0,0,Focus time,FALSE,FALSE,FALSE,1,0,0,0,1,09/02/2023 08:30,8e357da8-d9c2-3f2a-8b51-bac09377e49e,1c5f7232-c62f-419f-b58e-e0b99525509c,NA,Etc/UTC,Mgr+,US,InternalCollaborator,Biz Dev,1,14,Executive,1,08/01/2015,1,Employee Group 1,Operations,WPAPUBLICDEMO.ONMICROSOFT.COM,3773d00d-aa7b-4327-983a-013e82842959,TRUE,2
040000008200E00074C5B7101A82E008000000001FE7B78B0A33D901000000000000000010000000BBC21D3E5C347949B4E95F199BEA231C1675979100,0.25,1,0,0,0,0,0,0,0,0,Take a break,FALSE,FALSE,FALSE,1,0,0,0,1,09/02/2023 21:45,7407a274-f08a-3d6e-b3d4-137129a17c8e,169bf493-7f54-4550-a9ef-83ecb313e5cf,NA,America/Los_Angeles,Mgr+,US,InternalCollaborator,Facilities,2,6,Director,2,01/09/2012,37,Employee Group 37,Marketing,WPAPUBLICDEMO.ONMICROSOFT.COM,0000000-0000-0000-0000-0000000000,FALSE,0.25
040000008200E00074C5B7101A82E00800000000C572E7820D33D9010000000000000000100000007F1904655E836F47B5B078DD448B4D7E1675968300,0.083333336,1,0,0,0,0,0,0,0,0,Take a break,FALSE,FALSE,FALSE,1,0,0,0,1,09/02/2023 18:45,d5775448-392e-33bd-8226-ae38b4a387ac,d619c590-6525-4a85-ae4d-b792ba558f50,NA,America/Los_Angeles,Mgr+,US,InternalCollaborator,Customer Service,1,6,Director,2,25/08/2012,27,Employee Group 27,Engineering,WPAPUBLICDEMO.ONMICROSOFT.COM,0000000-0000-0000-0000-0000000000,FALSE,0.083333333
040000008200E00074C5B7101A82E008000000007345FF820D33D901000000000000000010000000B28F8783EC7D214C84F9FDBC8E2C0FFE1675979100,0.083333336,1,0,0,0,0,0,0,0,0,Take a break,FALSE,FALSE,FALSE,1,0,0,0,1,09/02/2023 21:45,d5775448-392e-33bd-8226-ae38b4a387ac,d619c590-6525-4a85-ae4d-b792ba558f50,NA,America/Los_Angeles,Mgr+,US,InternalCollaborator,Customer Service,1,6,Director,2,25/08/2012,27,Employee Group 27,Engineering,WPAPUBLICDEMO.ONMICROSOFT.COM,0000000-0000-0000-0000-0000000000,FALSE,0.083333333
040000008200E00074C5B7101A82E00807E70209C61ACB1B5D21D90100000000000000001000000032728B17A95ACB4D8D75795CC26B27791675972800,1,1,0,0,0,0,0,0,0,0,Lunch,FALSE,FALSE,TRUE,1,0,0,0,1,09/02/2023 20:00,d5775448-392e-33bd-8226-ae38b4a387ac,d619c590-6525-4a85-ae4d-b792ba558f50,NA,America/Los_Angeles,Mgr+,US,InternalCollaborator,Customer Service,1,6,Director,2,25/08/2012,27,Employee Group 27,Engineering,WPAPUBLICDEMO.ONMICROSOFT.COM,0000000-0000-0000-0000-0000000000,FALSE,1
040000008200E00074C5B7101A82E008000000000622018D0A33D90100000000000000001000000071E0F02E44CC0245A3F80BEF825497A71675971900,0.25,1,0,0,0,0,0,0,0,0,Catch up on messages,FALSE,FALSE,FALSE,1,0,0,0,1,09/02/2023 19:45,7407a274-f08a-3d6e-b3d4-137129a17c8e,169bf493-7f54-4550-a9ef-83ecb313e5cf,NA,America/Los_Angeles,Mgr+,US,InternalCollaborator,Facilities,2,6,Director,2,01/09/2012,37,Employee Group 37,Marketing,WPAPUBLICDEMO.ONMICROSOFT.COM,0000000-0000-0000-0000-0000000000,FALSE,0.25
040000008200E00074C5B7101A82E008000000004E7A9D8B0A33D9010000000000000000100000002C240A8F7045EC43909304554078F6BE1675968300,0.25,1,0,0,0,0,0,0,0,0,Take a break,FALSE,FALSE,FALSE,1,0,0,0,1,09/02/2023 18:45,7407a274-f08a-3d6e-b3d4-137129a17c8e,169bf493-7f54-4550-a9ef-83ecb313e5cf,NA,America/Los_Angeles,Mgr+,US,InternalCollaborator,Facilities,2,6,Director,2,01/09/2012,37,Employee Group 37,Marketing,WPAPUBLICDEMO.ONMICROSOFT.COM,0000000-0000-0000-0000-0000000000,FALSE,0.25
040000008200E00074C5B7101A82E00800000000150AB0830D33D901000000000000000010000000882E2B9E680930469097BF1EAD8308BE1675902600,0.5,1,0,0,0,0,0,0,0,0,Catch up on messages,FALSE,FALSE,FALSE,1,0,0,0,1,09/02/2023 00:30,d5775448-392e-33bd-8226-ae38b4a387ac,d619c590-6525-4a85-ae4d-b792ba558f50,NA,America/Los_Angeles,Mgr+,US,InternalCollaborator,Customer Service,1,6,Director,2,25/08/2012,27,Employee Group 27,Engineering,WPAPUBLICDEMO.ONMICROSOFT.COM,0000000-0000-0000-0000-0000000000,FALSE,0.5
040000008200E00074C5B7101A82E008000000007856E1810D33D901000000000000000010000000A189D2FA8A80DB459DB0A0937B0A996F1675960200,2,1,0,0,0,0,0,0,0,0,Focus time,FALSE,FALSE,FALSE,1,0,0,0,1,09/02/2023 16:30,d5775448-392e-33bd-8226-ae38b4a387ac,d619c590-6525-4a85-ae4d-b792ba558f50,NA,America/Los_Angeles,Mgr+,US,InternalCollaborator,Customer Service,1,6,Director,2,25/08/2012,27,Employee Group 27,Engineering,WPAPUBLICDEMO.ONMICROSOFT.COM,0000000-0000-0000-0000-0000000000,FALSE,2
040000008200E00074C5B7101A82E008000000007F9C7B320733D901000000000000000010000000CAC869F3608F9B4C8B86E58A3B67EF3C1675960200,2,1,0,0,0,0,0,0,0,0,Focus time,FALSE,FALSE,FALSE,1,0,0,0,1,09/02/2023 16:30,f8ed6de3-7463-3a45-bbf6-026bb89424c0,aecc65cc-4ffa-4f88-9469-805953a2f4e4,NA,America/Los_Angeles,Mgr+,US,InternalCollaborator,Human Resources,3,14,Executive,1,11/07/2012,12,Employee Group 12,Operations,WPAPUBLICDEMO.ONMICROSOFT.COM,654a4f57-5b27-63c5-a500-849df79cb3b8,TRUE,2
040000008200E00074C5B7101A82E00807E702092BE5955A2D24D801000000000000000010000000D87A0EA90A1288449B3C7F74B97FC42B1675900800,144,6,0,0,0,0,0,0,0,0,No-meeting day,TRUE,FALSE,TRUE,1,6,0,0,7,09/02/2023 00:00,bb097379-891f-3c7a-ab9b-bd723329dda5,44769754-9af5-4310-9007-c0ba986848d7,NA,America/Los_Angeles,Mgr+,US,InternalCollaborator,Biz Dev,0,6,Director,2,01/12/2013,17,Employee Group 17,Operations,WPAPUBLICDEMO.ONMICROSOFT.COM,3d7ed447-75a5-6488-a5d5-b45798a6fa17,TRUE,24
040000008200E00074C5B7101A82E00800000000B811546C0833D901000000000000000010000000856595FFFCBA2F439CD5F07BD865978C1675960200,2,1,0,0,0,0,0,0,0,0,Focus time,FALSE,FALSE,FALSE,1,0,0,0,1,09/02/2023 16:30,7407a274-f08a-3d6e-b3d4-137129a17c8e,169bf493-7f54-4550-a9ef-83ecb313e5cf,NA,America/Los_Angeles,Mgr+,US,InternalCollaborator,Facilities,2,6,Director,2,01/09/2012,37,Employee Group 37,Marketing,WPAPUBLICDEMO.ONMICROSOFT.COM,0000000-0000-0000-0000-0000000000,FALSE,2
040000008200E00074C5B7101A82E0080000000098B914830D33D901000000000000000010000000FF694F43E8E9A245BD448F1EAEB9C73B1676054700,0.083333336,1,0,0,0,0,0,0,0,0,Take a break,FALSE,FALSE,FALSE,1,0,0,0,1,10/02/2023 18:45,d5775448-392e-33bd-8226-ae38b4a387ac,d619c590-6525-4a85-ae4d-b792ba558f50,NA,America/Los_Angeles,Mgr+,US,InternalCollaborator,Customer Service,1,6,Director,2,25/08/2012,27,Employee Group 27,Engineering,WPAPUBLICDEMO.ONMICROSOFT.COM,0000000-0000-0000-0000-0000000000,FALSE,0.083333333
040000008200E00074C5B7101A82E00800000000BB766275F432D90100000000000000001000000017E743DF356D0C4A8B1C0CC1CC14B72E1676048400,2,1,0,0,0,0,0,0,0,0,Focus time,FALSE,FALSE,FALSE,1,0,0,0,1,10/02/2023 17:00,889a5782-ce40-38b3-b44c-69953cf329b4,7c97a818-aa07-459d-a650-ebf352cce2f0,NA,America/Los_Angeles,Mgr+,US,InternalCollaborator,Finance-Corporate,5,14,Executive,1,30/05/2011,4,Employee Group 4,Finance,WPAPUBLICDEMO.ONMICROSOFT.COM,39124dce-a1e4-4bd0-b2d2-212a864cf67a,TRUE,2
040000008200E00074C5B7101A82E008000000002A8D57A4363DD90100000000000000001000000043C94516E5A6014192E3DADCA4E5D2D21676065500,0.25,1,0,0,0,0,0,0,0,0,Take a break,FALSE,FALSE,FALSE,1,0,0,0,1,10/02/2023 21:45,0f80b8f3-795f-3f65-b3aa-9f516d964c63,c15c2ff3-3dca-4b8b-a877-b4a4553d1172,NA,America/Los_Angeles,Mgr+,US,InternalCollaborator,G&A East,2,6,Director,2,16/05/2015,111,Employee Group 111,R_and_D,WPAPUBLICDEMO.ONMICROSOFT.COM,0000000-0000-0000-0000-0000000000,FALSE,0.25
040000008200E00074C5B7101A82E00800000000AE203DA4363DD901000000000000000010000000DACC2395FD76B242867D59D77360A7E91676054700,0.25,1,0,0,0,0,0,0,0,0,Take a break,FALSE,FALSE,FALSE,1,0,0,0,1,10/02/2023 18:45,0f80b8f3-795f-3f65-b3aa-9f516d964c63,c15c2ff3-3dca-4b8b-a877-b4a4553d1172,NA,America/Los_Angeles,Mgr+,US,InternalCollaborator,G&A East,2,6,Director,2,16/05/2015,111,Employee Group 111,R_and_D,WPAPUBLICDEMO.ONMICROSOFT.COM,0000000-0000-0000-0000-0000000000,FALSE,0.25
040000008200E00074C5B7101A82E00807E7020AC61ACB1B5D21D90100000000000000001000000032728B17A95ACB4D8D75795CC26B27791676059200,1,1,0,0,0,0,0,0,0,0,Lunch,FALSE,FALSE,TRUE,1,0,0,0,1,10/02/2023 20:00,d5775448-392e-33bd-8226-ae38b4a387ac,d619c590-6525-4a85-ae4d-b792ba558f50,NA,America/Los_Angeles,Mgr+,US,InternalCollaborator,Customer Service,1,6,Director,2,25/08/2012,27,Employee Group 27,Engineering,WPAPUBLICDEMO.ONMICROSOFT.COM,0000000-0000-0000-0000-0000000000,FALSE,1
040000008200E00074C5B7101A82E00807E7020AB4F0FC4FA631D901000000000000000010000000323E58022FCC8541AF7E72DE72B2684E1676026800,3,1,0,0,0,0,0,0,0,0,Obed,FALSE,FALSE,TRUE,1,0,0,0,1,10/02/2023 11:00,7407a274-f08a-3d6e-b3d4-137129a17c8e,169bf493-7f54-4550-a9ef-83ecb313e5cf,NA,America/Los_Angeles,Mgr+,US,InternalCollaborator,Facilities,2,6,Director,2,01/09/2012,37,Employee Group 37,Marketing,WPAPUBLICDEMO.ONMICROSOFT.COM,0000000-0000-0000-0000-0000000000,FALSE,3
040000008200E00074C5B7101A82E008000000003F47F476CC3CD901000000000000000010000000A9D6AB246E60CA4492D92EC00FE2F7E01676046600,2,1,0,0,0,0,0,0,0,0,Focus time,FALSE,FALSE,FALSE,1,0,0,0,1,10/02/2023 16:30,0f80b8f3-795f-3f65-b3aa-9f516d964c63,c15c2ff3-3dca-4b8b-a877-b4a4553d1172,NA,America/Los_Angeles,Mgr+,US,InternalCollaborator,G&A East,2,6,Director,2,16/05/2015,111,Employee Group 111,R_and_D,WPAPUBLICDEMO.ONMICROSOFT.COM,0000000-0000-0000-0000-0000000000,FALSE,2
040000008200E00074C5B7101A82E00800000000A04038DDAB32D901000000000000000010000000A8BEE98916CDC4449AD1496DF3DE1F831676017800,2,1,0,0,0,0,0,0,0,0,Focus time,FALSE,FALSE,FALSE,1,0,0,0,1,10/02/2023 08:30,8e357da8-d9c2-3f2a-8b51-bac09377e49e,1c5f7232-c62f-419f-b58e-e0b99525509c,NA,Etc/UTC,Mgr+,US,InternalCollaborator,Biz Dev,1,14,Executive,1,08/01/2015,1,Employee Group 1,Operations,WPAPUBLICDEMO.ONMICROSOFT.COM,3773d00d-aa7b-4327-983a-013e82842959,TRUE,2
040000008200E00074C5B7101A82E0080000000056E5248D0A33D90100000000000000001000000037F0899D5166E440AE8855819AB07D5D1676058300,0.25,1,0,0,0,0,0,0,0,0,Catch up on messages,FALSE,FALSE,FALSE,1,0,0,0,1,10/02/2023 19:45,7407a274-f08a-3d6e-b3d4-137129a17c8e,169bf493-7f54-4550-a9ef-83ecb313e5cf,NA,America/Los_Angeles,Mgr+,US,InternalCollaborator,Facilities,2,6,Director,2,01/09/2012,37,Employee Group 37,Marketing,WPAPUBLICDEMO.ONMICROSOFT.COM,0000000-0000-0000-0000-0000000000,FALSE,0.25
040000008200E00074C5B7101A82E00800000000516F756C0833D901000000000000000010000000347C988EA8307A46948E950A1CBC9C641676046600,2,1,0,0,0,0,0,0,0,0,Focus time,FALSE,FALSE,FALSE,1,0,0,0,1,10/02/2023 16:30,7407a274-f08a-3d6e-b3d4-137129a17c8e,169bf493-7f54-4550-a9ef-83ecb313e5cf,NA,America/Los_Angeles,Mgr+,US,InternalCollaborator,Facilities,2,6,Director,2,01/09/2012,37,Employee Group 37,Marketing,WPAPUBLICDEMO.ONMICROSOFT.COM,0000000-0000-0000-0000-0000000000,FALSE,2
040000008200E00074C5B7101A82E0080000000070E0C7830D33D901000000000000000010000000B0832D051CAB2A4BB18E3A67E3B06C111675989000,0.5,1,0,0,0,0,0,0,0,0,Catch up on messages,FALSE,FALSE,FALSE,1,0,0,0,1,10/02/2023 00:30,d5775448-392e-33bd-8226-ae38b4a387ac,d619c590-6525-4a85-ae4d-b792ba558f50,NA,America/Los_Angeles,Mgr+,US,InternalCollaborator,Customer Service,1,6,Director,2,25/08/2012,27,Employee Group 27,Engineering,WPAPUBLICDEMO.ONMICROSOFT.COM,0000000-0000-0000-0000-0000000000,FALSE,0.5
040000008200E00074C5B7101A82E00800000000FC3B27840D33D901000000000000000010000000323E53719269AD4BAE224993EBC42B921676055600,1,1,0,0,0,0,0,0,0,0,Learning time,FALSE,FALSE,FALSE,1,0,0,0,1,10/02/2023 19:00,d5775448-392e-33bd-8226-ae38b4a387ac,d619c590-6525-4a85-ae4d-b792ba558f50,NA,America/Los_Angeles,Mgr+,US,InternalCollaborator,Customer Service,1,6,Director,2,25/08/2012,27,Employee Group 27,Engineering,WPAPUBLICDEMO.ONMICROSOFT.COM,0000000-0000-0000-0000-0000000000,FALSE,1
040000008200E00074C5B7101A82E00800000000A7BDCF8B0A33D90100000000000000001000000001FDC39985DA2F4B885C46EBE314C7EB1676054700,0.25,1,0,0,0,0,0,0,0,0,Take a break,FALSE,FALSE,FALSE,1,0,0,0,1,10/02/2023 18:45,7407a274-f08a-3d6e-b3d4-137129a17c8e,169bf493-7f54-4550-a9ef-83ecb313e5cf,NA,America/Los_Angeles,Mgr+,US,InternalCollaborator,Facilities,2,6,Director,2,01/09/2012,37,Employee Group 37,Marketing,WPAPUBLICDEMO.ONMICROSOFT.COM,0000000-0000-0000-0000-0000000000,FALSE,0.25
040000008200E00074C5B7101A82E0080000000063BF2C830D33D901000000000000000010000000510CCF63C209824AA7222EF258620AB41676065500,0.083333336,1,0,0,0,0,0,0,0,0,Take a break,FALSE,FALSE,FALSE,1,0,0,0,1,10/02/2023 21:45,d5775448-392e-33bd-8226-ae38b4a387ac,d619c590-6525-4a85-ae4d-b792ba558f50,NA,America/Los_Angeles,Mgr+,US,InternalCollaborator,Customer Service,1,6,Director,2,25/08/2012,27,Employee Group 27,Engineering,WPAPUBLICDEMO.ONMICROSOFT.COM,0000000-0000-0000-0000-0000000000,FALSE,0.083333333
040000008200E00074C5B7101A82E00800000000F6CA04820D33D90100000000000000001000000085DA6011A9EDC946AFC793B1CAE0B50D1676046600,2,1,0,0,0,0,0,0,0,0,Focus time,FALSE,FALSE,FALSE,1,0,0,0,1,10/02/2023 16:30,d5775448-392e-33bd-8226-ae38b4a387ac,d619c590-6525-4a85-ae4d-b792ba558f50,NA,America/Los_Angeles,Mgr+,US,InternalCollaborator,Customer Service,1,6,Director,2,25/08/2012,27,Employee Group 27,Engineering,WPAPUBLICDEMO.ONMICROSOFT.COM,0000000-0000-0000-0000-0000000000,FALSE,2
040000008200E00074C5B7101A82E0080000000038F6E98B0A33D901000000000000000010000000FFC878162AEFD54A93E3A26C7126714C1676065500,0.25,1,0,0,0,0,0,0,0,0,Take a break,FALSE,FALSE,FALSE,1,0,0,0,1,10/02/2023 21:45,7407a274-f08a-3d6e-b3d4-137129a17c8e,169bf493-7f54-4550-a9ef-83ecb313e5cf,NA,America/Los_Angeles,Mgr+,US,InternalCollaborator,Facilities,2,6,Director,2,01/09/2012,37,Employee Group 37,Marketing,WPAPUBLICDEMO.ONMICROSOFT.COM,0000000-0000-0000-0000-0000000000,FALSE,0.25
040000008200E00074C5B7101A82E00800000000B1EAD28D0A33D901000000000000000010000000E722BB2F64E46F4794D9877EA914BDA01676059200,1,1,0,0,0,0,0,0,0,0,Learning time,FALSE,FALSE,FALSE,1,0,0,0,1,10/02/2023 20:00,7407a274-f08a-3d6e-b3d4-137129a17c8e,169bf493-7f54-4550-a9ef-83ecb313e5cf,NA,America/Los_Angeles,Mgr+,US,InternalCollaborator,Facilities,2,6,Director,2,01/09/2012,37,Employee Group 37,Marketing,WPAPUBLICDEMO.ONMICROSOFT.COM,0000000-0000-0000-0000-0000000000,FALSE,1
040000008200E00074C5B7101A82E00807E7020BA53A195AF3A3D801000000000000000010000000DA977C8D33EDA0459DA7F6CB2EAF35E31676073600,216,9,0,0,0,0,0,0,0,0,Canceled: <U+7121><U+6703><U+8B70><U+65E5>,TRUE,TRUE,TRUE,1,10,0,0,11,11/02/2023 00:00,7407a274-f08a-3d6e-b3d4-137129a17c8e,169bf493-7f54-4550-a9ef-83ecb313e5cf,NA,America/Los_Angeles,Mgr+,US,InternalCollaborator,Facilities,2,6,Director,2,01/09/2012,37,Employee Group 37,Marketing,WPAPUBLICDEMO.ONMICROSOFT.COM,0000000-0000-0000-0000-0000000000,FALSE,24
040000008200E00074C5B7101A82E00800000000B354DD830D33D9010000000000000000100000006F26F1530865BA4CB4FE635CD84556771676075400,0.5,1,0,0,0,0,0,0,0,0,Catch up on messages,FALSE,FALSE,FALSE,1,0,0,0,1,11/02/2023 00:30,d5775448-392e-33bd-8226-ae38b4a387ac,d619c590-6525-4a85-ae4d-b792ba558f50,NA,America/Los_Angeles,Mgr+,US,InternalCollaborator,Customer Service,1,6,Director,2,25/08/2012,27,Employee Group 27,Engineering,WPAPUBLICDEMO.ONMICROSOFT.COM,0000000-0000-0000-0000-0000000000,FALSE,0.5
040000008200E00074C5B7101A82E00807E7020B0C225123ACE2D7010000000000000000100000006B1061F14266C448936F870C3F5AE8411676073600,312,13,0,0,0,0,0,0,0,0,Canceled: No-meeting day,TRUE,TRUE,TRUE,1,13,0,0,14,11/02/2023 00:00,f8ed6de3-7463-3a45-bbf6-026bb89424c0,aecc65cc-4ffa-4f88-9469-805953a2f4e4,NA,America/Los_Angeles,Mgr+,US,InternalCollaborator,Human Resources,3,14,Executive,1,11/07/2012,12,Employee Group 12,Operations,WPAPUBLICDEMO.ONMICROSOFT.COM,654a4f57-5b27-63c5-a500-849df79cb3b8,TRUE,24
040000008200E00074C5B7101A82E00800000000CF5D9B308738D90100000000000000001000000061CD0C653D8FFA4B86B437ADF37520241676305800,2,1,0,0,0,0,0,0,0,0,Focus time,FALSE,FALSE,FALSE,1,0,0,0,1,13/02/2023 16:30,d5775448-392e-33bd-8226-ae38b4a387ac,d619c590-6525-4a85-ae4d-b792ba558f50,NA,America/Los_Angeles,Mgr+,US,InternalCollaborator,Customer Service,1,6,Director,2,25/08/2012,27,Employee Group 27,Engineering,WPAPUBLICDEMO.ONMICROSOFT.COM,0000000-0000-0000-0000-0000000000,FALSE,2
040000008200E00074C5B7101A82E0080000000054994E77CC3CD90100000000000000001000000092DF1D8EE972DC4F9DBF36E486EF712A1676305800,2,1,0,0,0,0,0,0,0,0,Focus time,FALSE,FALSE,FALSE,1,0,0,0,1,13/02/2023 16:30,0f80b8f3-795f-3f65-b3aa-9f516d964c63,c15c2ff3-3dca-4b8b-a877-b4a4553d1172,NA,America/Los_Angeles,Mgr+,US,InternalCollaborator,G&A East,2,6,Director,2,16/05/2015,111,Employee Group 111,R_and_D,WPAPUBLICDEMO.ONMICROSOFT.COM,0000000-0000-0000-0000-0000000000,FALSE,2
040000008200E00074C5B7101A82E0080000000096FB8B318738D901000000000000000010000000EF440BE53ED0BD4D82D78863241A23E41676313900,0.083333336,1,0,0,0,0,0,0,0,0,Take a break,FALSE,FALSE,FALSE,1,0,0,0,1,13/02/2023 18:45,d5775448-392e-33bd-8226-ae38b4a387ac,d619c590-6525-4a85-ae4d-b792ba558f50,NA,America/Los_Angeles,Mgr+,US,InternalCollaborator,Customer Service,1,6,Director,2,25/08/2012,27,Employee Group 27,Engineering,WPAPUBLICDEMO.ONMICROSOFT.COM,0000000-0000-0000-0000-0000000000,FALSE,0.083333333
040000008200E00074C5B7101A82E008000000002FC81D3D8F38D9010000000000000000100000007AB38F804E2CD4438FC1947D8E96DDCF1676305800,2,1,0,0,0,0,0,0,0,0,Focus time,FALSE,FALSE,FALSE,1,0,0,0,1,13/02/2023 16:30,f8ed6de3-7463-3a45-bbf6-026bb89424c0,aecc65cc-4ffa-4f88-9469-805953a2f4e4,NA,America/Los_Angeles,Mgr+,US,InternalCollaborator,Human Resources,3,14,Executive,1,11/07/2012,12,Employee Group 12,Operations,WPAPUBLICDEMO.ONMICROSOFT.COM,654a4f57-5b27-63c5-a500-849df79cb3b8,TRUE,2
040000008200E00074C5B7101A82E008000000009032A6318738D901000000000000000010000000E8CF487752AD6A4E8A93F1EF7FF9B3851676324700,0.083333336,1,0,0,0,0,0,0,0,0,Take a break,FALSE,FALSE,FALSE,1,0,0,0,1,13/02/2023 21:45,d5775448-392e-33bd-8226-ae38b4a387ac,d619c590-6525-4a85-ae4d-b792ba558f50,NA,America/Los_Angeles,Mgr+,US,InternalCollaborator,Customer Service,1,6,Director,2,25/08/2012,27,Employee Group 27,Engineering,WPAPUBLICDEMO.ONMICROSOFT.COM,0000000-0000-0000-0000-0000000000,FALSE,0.083333333
040000008200E00074C5B7101A82E00800000000BA18ACBD4138D901000000000000000010000000D2415BDE00400D479E9F69134701A90F1676277000,2,1,0,0,0,0,0,0,0,0,Focus time,FALSE,FALSE,FALSE,1,0,0,0,1,13/02/2023 08:30,8e357da8-d9c2-3f2a-8b51-bac09377e49e,1c5f7232-c62f-419f-b58e-e0b99525509c,NA,Etc/UTC,Mgr+,US,InternalCollaborator,Biz Dev,1,14,Executive,1,08/01/2015,1,Employee Group 1,Operations,WPAPUBLICDEMO.ONMICROSOFT.COM,3773d00d-aa7b-4327-983a-013e82842959,TRUE,2
040000008200E00074C5B7101A82E00800000000C4F8BF368838D901000000000000000010000000F0879D8C4B35164EB9A54B0C75DB45101676313900,0.25,1,0,0,0,0,0,0,0,0,Take a break,FALSE,FALSE,FALSE,1,0,0,0,1,13/02/2023 18:45,7407a274-f08a-3d6e-b3d4-137129a17c8e,169bf493-7f54-4550-a9ef-83ecb313e5cf,NA,America/Los_Angeles,Mgr+,US,InternalCollaborator,Facilities,2,6,Director,2,01/09/2012,37,Employee Group 37,Marketing,WPAPUBLICDEMO.ONMICROSOFT.COM,0000000-0000-0000-0000-0000000000,FALSE,0.25
040000008200E00074C5B7101A82E00800000000FF8989388838D90100000000000000001000000071BB5F2D2B7D3A44A22E7898542F01D41676317500,0.25,1,0,0,0,0,0,0,0,0,Catch up on messages,FALSE,FALSE,FALSE,1,0,0,0,1,13/02/2023 19:45,7407a274-f08a-3d6e-b3d4-137129a17c8e,169bf493-7f54-4550-a9ef-83ecb313e5cf,NA,America/Los_Angeles,Mgr+,US,InternalCollaborator,Facilities,2,6,Director,2,01/09/2012,37,Employee Group 37,Marketing,WPAPUBLICDEMO.ONMICROSOFT.COM,0000000-0000-0000-0000-0000000000,FALSE,0.25
040000008200E00074C5B7101A82E00807E7020DC61ACB1B5D21D90100000000000000001000000032728B17A95ACB4D8D75795CC26B27791676318400,1,1,0,0,0,0,0,0,0,0,Lunch,FALSE,FALSE,TRUE,1,0,0,0,1,13/02/2023 20:00,d5775448-392e-33bd-8226-ae38b4a387ac,d619c590-6525-4a85-ae4d-b792ba558f50,NA,America/Los_Angeles,Mgr+,US,InternalCollaborator,Customer Service,1,6,Director,2,25/08/2012,27,Employee Group 27,Engineering,WPAPUBLICDEMO.ONMICROSOFT.COM,0000000-0000-0000-0000-0000000000,FALSE,1
040000008200E00074C5B7101A82E0080000000016E1EA368838D901000000000000000010000000CDC88449C7CAB743B166DDE5E4F62A2A1676324700,0.25,1,0,0,0,0,0,0,0,0,Take a break,FALSE,FALSE,FALSE,1,0,0,0,1,13/02/2023 21:45,7407a274-f08a-3d6e-b3d4-137129a17c8e,169bf493-7f54-4550-a9ef-83ecb313e5cf,NA,America/Los_Angeles,Mgr+,US,InternalCollaborator,Facilities,2,6,Director,2,01/09/2012,37,Employee Group 37,Marketing,WPAPUBLICDEMO.ONMICROSOFT.COM,0000000-0000-0000-0000-0000000000,FALSE,0.25
040000008200E00074C5B7101A82E00800000000AC4E7BA4363DD901000000000000000010000000511B5941F5DC124C9B225786EF65A6AA1676313900,0.25,1,0,0,0,0,0,0,0,0,Take a break,FALSE,FALSE,FALSE,1,0,0,0,1,13/02/2023 18:45,0f80b8f3-795f-3f65-b3aa-9f516d964c63,c15c2ff3-3dca-4b8b-a877-b4a4553d1172,NA,America/Los_Angeles,Mgr+,US,InternalCollaborator,G&A East,2,6,Director,2,16/05/2015,111,Employee Group 111,R_and_D,WPAPUBLICDEMO.ONMICROSOFT.COM,0000000-0000-0000-0000-0000000000,FALSE,0.25
040000008200E00074C5B7101A82E008000000006AE997A4363DD901000000000000000010000000384130C880E38041A1D422E39714FD4E1676324700,0.25,1,0,0,0,0,0,0,0,0,Take a break,FALSE,FALSE,FALSE,1,0,0,0,1,13/02/2023 21:45,0f80b8f3-795f-3f65-b3aa-9f516d964c63,c15c2ff3-3dca-4b8b-a877-b4a4553d1172,NA,America/Los_Angeles,Mgr+,US,InternalCollaborator,G&A East,2,6,Director,2,16/05/2015,111,Employee Group 111,R_and_D,WPAPUBLICDEMO.ONMICROSOFT.COM,0000000-0000-0000-0000-0000000000,FALSE,0.25
040000008200E00074C5B7101A82E00800000000E7B489358838D901000000000000000010000000050A8BAF1B0F1B41ACC81650995037321676305800,2,1,0,0,0,0,0,0,0,0,Focus time,FALSE,FALSE,FALSE,1,0,0,0,1,13/02/2023 16:30,7407a274-f08a-3d6e-b3d4-137129a17c8e,169bf493-7f54-4550-a9ef-83ecb313e5cf,NA,America/Los_Angeles,Mgr+,US,InternalCollaborator,Facilities,2,6,Director,2,01/09/2012,37,Employee Group 37,Marketing,WPAPUBLICDEMO.ONMICROSOFT.COM,0000000-0000-0000-0000-0000000000,FALSE,2
040000008200E00074C5B7101A82E00807E7020DB4F0FC4FA631D901000000000000000010000000323E58022FCC8541AF7E72DE72B2684E1676286000,3,1,0,0,0,0,0,0,0,0,Obed,FALSE,FALSE,TRUE,1,0,0,0,1,13/02/2023 11:00,7407a274-f08a-3d6e-b3d4-137129a17c8e,169bf493-7f54-4550-a9ef-83ecb313e5cf,NA,America/Los_Angeles,Mgr+,US,InternalCollaborator,Facilities,2,6,Director,2,01/09/2012,37,Employee Group 37,Marketing,WPAPUBLICDEMO.ONMICROSOFT.COM,0000000-0000-0000-0000-0000000000,FALSE,3
040000008200E00074C5B7101A82E0080000000091205E5A7C38D901000000000000000010000000C1CE2676C32E9F49887F26B38154CDD51676307600,2,1,0,0,0,0,0,0,0,0,Focus time,FALSE,FALSE,FALSE,1,0,0,0,1,13/02/2023 17:00,889a5782-ce40-38b3-b44c-69953cf329b4,7c97a818-aa07-459d-a650-ebf352cce2f0,NA,America/Los_Angeles,Mgr+,US,InternalCollaborator,Finance-Corporate,5,14,Executive,1,30/05/2011,4,Employee Group 4,Finance,WPAPUBLICDEMO.ONMICROSOFT.COM,39124dce-a1e4-4bd0-b2d2-212a864cf67a,TRUE,2
040000008200E00074C5B7101A82E00800000000A2DCA0328738D901000000000000000010000000B3215CD5CB79974B91DD70E964262CA91676334600,0.5,1,0,0,0,0,0,0,0,0,Catch up on messages,FALSE,FALSE,FALSE,1,0,0,0,1,14/02/2023 00:30,d5775448-392e-33bd-8226-ae38b4a387ac,d619c590-6525-4a85-ae4d-b792ba558f50,NA,America/Los_Angeles,Mgr+,US,InternalCollaborator,Customer Service,1,6,Director,2,25/08/2012,27,Employee Group 27,Engineering,WPAPUBLICDEMO.ONMICROSOFT.COM,0000000-0000-0000-0000-0000000000,FALSE,0.5
040000008200E00074C5B7101A82E00800000000AB35C5A4363DD90100000000000000001000000043EBB80768642749A4921C2CA1493E2C1676411100,0.25,1,0,0,0,0,0,0,0,0,Take a break,FALSE,FALSE,FALSE,1,0,0,0,1,14/02/2023 21:45,0f80b8f3-795f-3f65-b3aa-9f516d964c63,c15c2ff3-3dca-4b8b-a877-b4a4553d1172,NA,America/Los_Angeles,Mgr+,US,InternalCollaborator,G&A East,2,6,Director,2,16/05/2015,111,Employee Group 111,R_and_D,WPAPUBLICDEMO.ONMICROSOFT.COM,0000000-0000-0000-0000-0000000000,FALSE,0.25
040000008200E00074C5B7101A82E00800000000160230378838D901000000000000000010000000F06872327421A845947B89444A5250B11676411100,0.25,1,0,0,0,0,0,0,0,0,Take a break,FALSE,FALSE,FALSE,1,0,0,0,1,14/02/2023 21:45,7407a274-f08a-3d6e-b3d4-137129a17c8e,169bf493-7f54-4550-a9ef-83ecb313e5cf,NA,America/Los_Angeles,Mgr+,US,InternalCollaborator,Facilities,2,6,Director,2,01/09/2012,37,Employee Group 37,Marketing,WPAPUBLICDEMO.ONMICROSOFT.COM,0000000-0000-0000-0000-0000000000,FALSE,0.25
040000008200E00074C5B7101A82E00807E7020EB4F0FC4FA631D901000000000000000010000000323E58022FCC8541AF7E72DE72B2684E1676372400,3,1,0,0,0,0,0,0,0,0,Obed,FALSE,FALSE,TRUE,1,0,0,0,1,14/02/2023 11:00,7407a274-f08a-3d6e-b3d4-137129a17c8e,169bf493-7f54-4550-a9ef-83ecb313e5cf,NA,America/Los_Angeles,Mgr+,US,InternalCollaborator,Facilities,2,6,Director,2,01/09/2012,37,Employee Group 37,Marketing,WPAPUBLICDEMO.ONMICROSOFT.COM,0000000-0000-0000-0000-0000000000,FALSE,3
040000008200E00074C5B7101A82E00807E7020EC61ACB1B5D21D90100000000000000001000000032728B17A95ACB4D8D75795CC26B27791676404800,1,1,0,0,0,0,0,0,0,0,Lunch,FALSE,FALSE,TRUE,1,0,0,0,1,14/02/2023 20:00,d5775448-392e-33bd-8226-ae38b4a387ac,d619c590-6525-4a85-ae4d-b792ba558f50,NA,America/Los_Angeles,Mgr+,US,InternalCollaborator,Customer Service,1,6,Director,2,25/08/2012,27,Employee Group 27,Engineering,WPAPUBLICDEMO.ONMICROSOFT.COM,0000000-0000-0000-0000-0000000000,FALSE,1
040000008200E00074C5B7101A82E00800000000CAEFE2BD4138D9010000000000000000100000008808969AD205074AA5FF704CE07549C01676363400,2,1,0,0,0,0,0,0,0,0,Focus time,FALSE,FALSE,FALSE,1,0,0,0,1,14/02/2023 08:30,8e357da8-d9c2-3f2a-8b51-bac09377e49e,1c5f7232-c62f-419f-b58e-e0b99525509c,NA,Etc/UTC,Mgr+,US,InternalCollaborator,Biz Dev,1,14,Executive,1,08/01/2015,1,Employee Group 1,Operations,WPAPUBLICDEMO.ONMICROSOFT.COM,3773d00d-aa7b-4327-983a-013e82842959,TRUE,2
040000008200E00074C5B7101A82E00800000000D9BFAFA4363DD901000000000000000010000000E1A7B996F5C1B94E80896F6B8E343D981676400300,0.25,1,0,0,0,0,0,0,0,0,Take a break,FALSE,FALSE,FALSE,1,0,0,0,1,14/02/2023 18:45,0f80b8f3-795f-3f65-b3aa-9f516d964c63,c15c2ff3-3dca-4b8b-a877-b4a4553d1172,NA,America/Los_Angeles,Mgr+,US,InternalCollaborator,G&A East,2,6,Director,2,16/05/2015,111,Employee Group 111,R_and_D,WPAPUBLICDEMO.ONMICROSOFT.COM,0000000-0000-0000-0000-0000000000,FALSE,0.25
040000008200E00074C5B7101A82E0080000000077728B3D8F38D901000000000000000010000000581C0EBD6767C849A6161D6BCE1922F51676392200,2,1,0,0,0,0,0,0,0,0,Focus time,FALSE,FALSE,FALSE,1,0,0,0,1,14/02/2023 16:30,f8ed6de3-7463-3a45-bbf6-026bb89424c0,aecc65cc-4ffa-4f88-9469-805953a2f4e4,NA,America/Los_Angeles,Mgr+,US,InternalCollaborator,Human Resources,3,14,Executive,1,11/07/2012,12,Employee Group 12,Operations,WPAPUBLICDEMO.ONMICROSOFT.COM,654a4f57-5b27-63c5-a500-849df79cb3b8,TRUE,2
040000008200E00074C5B7101A82E00807E7020EFD43784EFB2FD901000000000000000010000000CAE41AFF809F124DBFD784B86AB960B31676332800,46.5,2,0,0,0,0,0,0,0,0,Møtefri dag,TRUE,FALSE,TRUE,1,1,0,0,2,14/02/2023 00:00,d5775448-392e-33bd-8226-ae38b4a387ac,d619c590-6525-4a85-ae4d-b792ba558f50,NA,America/Los_Angeles,Mgr+,US,InternalCollaborator,Customer Service,1,6,Director,2,25/08/2012,27,Employee Group 27,Engineering,WPAPUBLICDEMO.ONMICROSOFT.COM,0000000-0000-0000-0000-0000000000,FALSE,24
040000008200E00074C5B7101A82E00800000000F30411378838D901000000000000000010000000F8FE291BEAD63B4BA565A125A00085A01676400300,0.25,1,0,0,0,0,0,0,0,0,Take a break,FALSE,FALSE,FALSE,1,0,0,0,1,14/02/2023 18:45,7407a274-f08a-3d6e-b3d4-137129a17c8e,169bf493-7f54-4550-a9ef-83ecb313e5cf,NA,America/Los_Angeles,Mgr+,US,InternalCollaborator,Facilities,2,6,Director,2,01/09/2012,37,Employee Group 37,Marketing,WPAPUBLICDEMO.ONMICROSOFT.COM,0000000-0000-0000-0000-0000000000,FALSE,0.25
040000008200E00074C5B7101A82E00800000000A04BAD388838D901000000000000000010000000C0CCF5457BAEA747BFE06C577A11AF201676403900,0.25,1,0,0,0,0,0,0,0,0,Catch up on messages,FALSE,FALSE,FALSE,1,0,0,0,1,14/02/2023 19:45,7407a274-f08a-3d6e-b3d4-137129a17c8e,169bf493-7f54-4550-a9ef-83ecb313e5cf,NA,America/Los_Angeles,Mgr+,US,InternalCollaborator,Facilities,2,6,Director,2,01/09/2012,37,Employee Group 37,Marketing,WPAPUBLICDEMO.ONMICROSOFT.COM,0000000-0000-0000-0000-0000000000,FALSE,0.25
040000008200E00074C5B7101A82E008000000001B38D1358838D90100000000000000001000000007793AA3EA57344BB5323E14CE4A25A51676392200,2,1,0,0,0,0,0,0,0,0,Focus time,FALSE,FALSE,FALSE,1,0,0,0,1,14/02/2023 16:30,7407a274-f08a-3d6e-b3d4-137129a17c8e,169bf493-7f54-4550-a9ef-83ecb313e5cf,NA,America/Los_Angeles,Mgr+,US,InternalCollaborator,Facilities,2,6,Director,2,01/09/2012,37,Employee Group 37,Marketing,WPAPUBLICDEMO.ONMICROSOFT.COM,0000000-0000-0000-0000-0000000000,FALSE,2
040000008200E00074C5B7101A82E00800000000FA0A8377CC3CD90100000000000000001000000069A8B8C0E9F58A428AAFF63D2E63DD3F1676392200,2,1,0,0,0,0,0,0,0,0,Focus time,FALSE,FALSE,FALSE,1,0,0,0,1,14/02/2023 16:30,0f80b8f3-795f-3f65-b3aa-9f516d964c63,c15c2ff3-3dca-4b8b-a877-b4a4553d1172,NA,America/Los_Angeles,Mgr+,US,InternalCollaborator,G&A East,2,6,Director,2,16/05/2015,111,Employee Group 111,R_and_D,WPAPUBLICDEMO.ONMICROSOFT.COM,0000000-0000-0000-0000-0000000000,FALSE,2
040000008200E00074C5B7101A82E00800000000CAD2AC3D8F38D901000000000000000010000000A5EEA4E45122BE49A11328A4D24098AC1676478600,2,1,0,0,0,0,0,0,0,0,Focus time,FALSE,FALSE,FALSE,1,0,0,0,1,15/02/2023 16:30,f8ed6de3-7463-3a45-bbf6-026bb89424c0,aecc65cc-4ffa-4f88-9469-805953a2f4e4,NA,America/Los_Angeles,Mgr+,US,InternalCollaborator,Human Resources,3,14,Executive,1,11/07/2012,12,Employee Group 12,Operations,WPAPUBLICDEMO.ONMICROSOFT.COM,654a4f57-5b27-63c5-a500-849df79cb3b8,TRUE,2
040000008200E00074C5B7101A82E008000000005919B577CC3CD901000000000000000010000000E2FE8418601FC648AD203608A928CD0A1676478600,2,1,0,0,0,0,0,0,0,0,Focus time,FALSE,FALSE,FALSE,1,0,0,0,1,15/02/2023 16:30,0f80b8f3-795f-3f65-b3aa-9f516d964c63,c15c2ff3-3dca-4b8b-a877-b4a4553d1172,NA,America/Los_Angeles,Mgr+,US,InternalCollaborator,G&A East,2,6,Director,2,16/05/2015,111,Employee Group 111,R_and_D,WPAPUBLICDEMO.ONMICROSOFT.COM,0000000-0000-0000-0000-0000000000,FALSE,2
040000008200E00074C5B7101A82E008000000001F0ADDA4363DD901000000000000000010000000849EC82772AE0D4BB1280742AD839F051676486700,0.25,1,0,0,0,0,0,0,0,0,Take a break,FALSE,FALSE,FALSE,1,0,0,0,1,15/02/2023 18:45,0f80b8f3-795f-3f65-b3aa-9f516d964c63,c15c2ff3-3dca-4b8b-a877-b4a4553d1172,NA,America/Los_Angeles,Mgr+,US,InternalCollaborator,G&A East,2,6,Director,2,16/05/2015,111,Employee Group 111,R_and_D,WPAPUBLICDEMO.ONMICROSOFT.COM,0000000-0000-0000-0000-0000000000,FALSE,0.25
040000008200E00074C5B7101A82E008000000009093D4308738D9010000000000000000100000004F17380C71DB024AA0D81F0AA97D97941676478600,2,1,0,0,0,0,0,0,0,0,Focus time,FALSE,FALSE,FALSE,1,0,0,0,1,15/02/2023 16:30,d5775448-392e-33bd-8226-ae38b4a387ac,d619c590-6525-4a85-ae4d-b792ba558f50,NA,America/Los_Angeles,Mgr+,US,InternalCollaborator,Customer Service,1,6,Director,2,25/08/2012,27,Employee Group 27,Engineering,WPAPUBLICDEMO.ONMICROSOFT.COM,0000000-0000-0000-0000-0000000000,FALSE,2
040000008200E00074C5B7101A82E00807E7020FC61ACB1B5D21D90100000000000000001000000032728B17A95ACB4D8D75795CC26B27791676491200,1,1,0,0,0,0,0,0,0,0,Lunch,FALSE,FALSE,TRUE,1,0,0,0,1,15/02/2023 20:00,d5775448-392e-33bd-8226-ae38b4a387ac,d619c590-6525-4a85-ae4d-b792ba558f50,NA,America/Los_Angeles,Mgr+,US,InternalCollaborator,Customer Service,1,6,Director,2,25/08/2012,27,Employee Group 27,Engineering,WPAPUBLICDEMO.ONMICROSOFT.COM,0000000-0000-0000-0000-0000000000,FALSE,1
040000008200E00074C5B7101A82E008000000004335F0358838D9010000000000000000100000007F87B9E3D205CA48A0CDDF7D466676731676478600,2,1,0,0,0,0,0,0,0,0,Focus time,FALSE,FALSE,FALSE,1,0,0,0,1,15/02/2023 16:30,7407a274-f08a-3d6e-b3d4-137129a17c8e,169bf493-7f54-4550-a9ef-83ecb313e5cf,NA,America/Los_Angeles,Mgr+,US,InternalCollaborator,Facilities,2,6,Director,2,01/09/2012,37,Employee Group 37,Marketing,WPAPUBLICDEMO.ONMICROSOFT.COM,0000000-0000-0000-0000-0000000000,FALSE,2
040000008200E00074C5B7101A82E0080000000013A5BB318738D901000000000000000010000000A07A96AED81AE348813D9428F8B5B4821676486700,0.083333336,1,0,0,0,0,0,0,0,0,Take a break,FALSE,FALSE,FALSE,1,0,0,0,1,15/02/2023 18:45,d5775448-392e-33bd-8226-ae38b4a387ac,d619c590-6525-4a85-ae4d-b792ba558f50,NA,America/Los_Angeles,Mgr+,US,InternalCollaborator,Customer Service,1,6,Director,2,25/08/2012,27,Employee Group 27,Engineering,WPAPUBLICDEMO.ONMICROSOFT.COM,0000000-0000-0000-0000-0000000000,FALSE,0.083333333
040000008200E00074C5B7101A82E00800000000C244F7A4363DD90100000000000000001000000076D60023AAE8D845BD1A4712A1E5D71D1676497500,0.25,1,0,0,0,0,0,0,0,0,Take a break,FALSE,FALSE,FALSE,1,0,0,0,1,15/02/2023 21:45,0f80b8f3-795f-3f65-b3aa-9f516d964c63,c15c2ff3-3dca-4b8b-a877-b4a4553d1172,NA,America/Los_Angeles,Mgr+,US,InternalCollaborator,G&A East,2,6,Director,2,16/05/2015,111,Employee Group 111,R_and_D,WPAPUBLICDEMO.ONMICROSOFT.COM,0000000-0000-0000-0000-0000000000,FALSE,0.25
040000008200E00074C5B7101A82E00800000000374B9C5A7C38D901000000000000000010000000AB45F8816C83C74F990433331B4189741676480400,2,1,0,0,0,0,0,0,0,0,Focus time,FALSE,FALSE,FALSE,1,0,0,0,1,15/02/2023 17:00,889a5782-ce40-38b3-b44c-69953cf329b4,7c97a818-aa07-459d-a650-ebf352cce2f0,NA,America/Los_Angeles,Mgr+,US,InternalCollaborator,Finance-Corporate,5,14,Executive,1,30/05/2011,4,Employee Group 4,Finance,WPAPUBLICDEMO.ONMICROSOFT.COM,39124dce-a1e4-4bd0-b2d2-212a864cf67a,TRUE,2
040000008200E00074C5B7101A82E00800000000A187FFBD4138D901000000000000000010000000D92B771256FF1149BAFD5090C50B30481676449800,2,1,0,0,0,0,0,0,0,0,Focus time,FALSE,FALSE,FALSE,1,0,0,0,1,15/02/2023 08:30,8e357da8-d9c2-3f2a-8b51-bac09377e49e,1c5f7232-c62f-419f-b58e-e0b99525509c,NA,Etc/UTC,Mgr+,US,InternalCollaborator,Biz Dev,1,14,Executive,1,08/01/2015,1,Employee Group 1,Operations,WPAPUBLICDEMO.ONMICROSOFT.COM,3773d00d-aa7b-4327-983a-013e82842959,TRUE,2
040000008200E00074C5B7101A82E00800000000EBAACE388838D901000000000000000010000000AF72FB9B38AD784EB668F2A6E18E99C31676490300,0.25,1,0,0,0,0,0,0,0,0,Catch up on messages,FALSE,FALSE,FALSE,1,0,0,0,1,15/02/2023 19:45,7407a274-f08a-3d6e-b3d4-137129a17c8e,169bf493-7f54-4550-a9ef-83ecb313e5cf,NA,America/Los_Angeles,Mgr+,US,InternalCollaborator,Facilities,2,6,Director,2,01/09/2012,37,Employee Group 37,Marketing,WPAPUBLICDEMO.ONMICROSOFT.COM,0000000-0000-0000-0000-0000000000,FALSE,0.25
040000008200E00074C5B7101A82E00800000000871BD1318738D901000000000000000010000000D0BC9B21D6D87B4EA08C322355AE9FD81676497500,0.083333336,1,0,0,0,0,0,0,0,0,Take a break,FALSE,FALSE,FALSE,1,0,0,0,1,15/02/2023 21:45,d5775448-392e-33bd-8226-ae38b4a387ac,d619c590-6525-4a85-ae4d-b792ba558f50,NA,America/Los_Angeles,Mgr+,US,InternalCollaborator,Customer Service,1,6,Director,2,25/08/2012,27,Employee Group 27,Engineering,WPAPUBLICDEMO.ONMICROSOFT.COM,0000000-0000-0000-0000-0000000000,FALSE,0.083333333
040000008200E00074C5B7101A82E00807E7020F188C62D41F02D8010000000000000000100000003BA3EF0A9CC56140B760EA9AD1B0971B1676419200,408,17,3,0,0,0,0,0,89,0,Canceled: No-meeting day,TRUE,TRUE,TRUE,1,17,0,0,18,15/02/2023 00:00,889a5782-ce40-38b3-b44c-69953cf329b4,7c97a818-aa07-459d-a650-ebf352cce2f0,NA,America/Los_Angeles,Mgr+,US,InternalCollaborator,Finance-Corporate,5,14,Executive,1,30/05/2011,4,Employee Group 4,Finance,WPAPUBLICDEMO.ONMICROSOFT.COM,39124dce-a1e4-4bd0-b2d2-212a864cf67a,TRUE,24
040000008200E00074C5B7101A82E00800000000D2BB80378838D901000000000000000010000000231C593942A644448E0D53E785B9EF5C1676497500,0.25,1,0,0,0,0,0,0,0,0,Take a break,FALSE,FALSE,FALSE,1,0,0,0,1,15/02/2023 21:45,7407a274-f08a-3d6e-b3d4-137129a17c8e,169bf493-7f54-4550-a9ef-83ecb313e5cf,NA,America/Los_Angeles,Mgr+,US,InternalCollaborator,Facilities,2,6,Director,2,01/09/2012,37,Employee Group 37,Marketing,WPAPUBLICDEMO.ONMICROSOFT.COM,0000000-0000-0000-0000-0000000000,FALSE,0.25
040000008200E00074C5B7101A82E008000000006B5C5F378838D901000000000000000010000000522D98C687CC0944A455A31284B2EA3D1676486700,0.25,1,0,0,0,0,0,0,0,0,Take a break,FALSE,FALSE,FALSE,1,0,0,0,1,15/02/2023 18:45,7407a274-f08a-3d6e-b3d4-137129a17c8e,169bf493-7f54-4550-a9ef-83ecb313e5cf,NA,America/Los_Angeles,Mgr+,US,InternalCollaborator,Facilities,2,6,Director,2,01/09/2012,37,Employee Group 37,Marketing,WPAPUBLICDEMO.ONMICROSOFT.COM,0000000-0000-0000-0000-0000000000,FALSE,0.25
040000008200E00074C5B7101A82E00807E7020FB4F0FC4FA631D901000000000000000010000000323E58022FCC8541AF7E72DE72B2684E1676458800,3,1,0,0,0,0,0,0,0,0,Obed,FALSE,FALSE,TRUE,1,0,0,0,1,15/02/2023 11:00,7407a274-f08a-3d6e-b3d4-137129a17c8e,169bf493-7f54-4550-a9ef-83ecb313e5cf,NA,America/Los_Angeles,Mgr+,US,InternalCollaborator,Facilities,2,6,Director,2,01/09/2012,37,Employee Group 37,Marketing,WPAPUBLICDEMO.ONMICROSOFT.COM,0000000-0000-0000-0000-0000000000,FALSE,3
040000008200E00074C5B7101A82E00800000000C7B32BA5363DD901000000000000000010000000F20303D8FF9A8841A3AB0D41EE058BBF1676583900,0.25,1,0,0,0,0,0,0,0,0,Take a break,FALSE,FALSE,FALSE,1,0,0,0,1,16/02/2023 21:45,0f80b8f3-795f-3f65-b3aa-9f516d964c63,c15c2ff3-3dca-4b8b-a877-b4a4553d1172,NA,America/Los_Angeles,Mgr+,US,InternalCollaborator,G&A East,2,6,Director,2,16/05/2015,111,Employee Group 111,R_and_D,WPAPUBLICDEMO.ONMICROSOFT.COM,0000000-0000-0000-0000-0000000000,FALSE,0.25
040000008200E00074C5B7101A82E00800000000E44EEE77CC3CD901000000000000000010000000D3FF8FCE27D9324FAF44C915A7B74A3F1676565000,2,1,0,0,0,0,0,0,0,0,Focus time,FALSE,FALSE,FALSE,1,0,0,0,1,16/02/2023 16:30,0f80b8f3-795f-3f65-b3aa-9f516d964c63,c15c2ff3-3dca-4b8b-a877-b4a4553d1172,NA,America/Los_Angeles,Mgr+,US,InternalCollaborator,G&A East,2,6,Director,2,16/05/2015,111,Employee Group 111,R_and_D,WPAPUBLICDEMO.ONMICROSOFT.COM,0000000-0000-0000-0000-0000000000,FALSE,2
040000008200E00074C5B7101A82E00800000000D94EB6328738D901000000000000000010000000B04A56F185B3F6468C94E0E7F62211CD1676507400,0.5,1,0,0,0,0,0,0,0,0,Catch up on messages,FALSE,FALSE,FALSE,1,0,0,0,1,16/02/2023 00:30,d5775448-392e-33bd-8226-ae38b4a387ac,d619c590-6525-4a85-ae4d-b792ba558f50,NA,America/Los_Angeles,Mgr+,US,InternalCollaborator,Customer Service,1,6,Director,2,25/08/2012,27,Employee Group 27,Engineering,WPAPUBLICDEMO.ONMICROSOFT.COM,0000000-0000-0000-0000-0000000000,FALSE,0.5
040000008200E00074C5B7101A82E00800000000987E11A5363DD90100000000000000001000000086CB452077321C48868C256ECDFEEBF31676573100,0.25,1,0,0,0,0,0,0,0,0,Take a break,FALSE,FALSE,FALSE,1,0,0,0,1,16/02/2023 18:45,0f80b8f3-795f-3f65-b3aa-9f516d964c63,c15c2ff3-3dca-4b8b-a877-b4a4553d1172,NA,America/Los_Angeles,Mgr+,US,InternalCollaborator,G&A East,2,6,Director,2,16/05/2015,111,Employee Group 111,R_and_D,WPAPUBLICDEMO.ONMICROSOFT.COM,0000000-0000-0000-0000-0000000000,FALSE,0.25
040000008200E00074C5B7101A82E00807E70210B4F0FC4FA631D901000000000000000010000000323E58022FCC8541AF7E72DE72B2684E1676545200,3,1,0,0,0,0,0,0,0,0,Obed,FALSE,FALSE,TRUE,1,0,0,0,1,16/02/2023 11:00,7407a274-f08a-3d6e-b3d4-137129a17c8e,169bf493-7f54-4550-a9ef-83ecb313e5cf,NA,America/Los_Angeles,Mgr+,US,InternalCollaborator,Facilities,2,6,Director,2,01/09/2012,37,Employee Group 37,Marketing,WPAPUBLICDEMO.ONMICROSOFT.COM,0000000-0000-0000-0000-0000000000,FALSE,3
040000008200E00074C5B7101A82E00807E70210C61ACB1B5D21D90100000000000000001000000032728B17A95ACB4D8D75795CC26B27791676577600,1,1,1,0,0,0,0,0,33,0,Lunch,FALSE,FALSE,TRUE,1,0,0,0,1,16/02/2023 20:00,d5775448-392e-33bd-8226-ae38b4a387ac,d619c590-6525-4a85-ae4d-b792ba558f50,NA,America/Los_Angeles,Mgr+,US,InternalCollaborator,Customer Service,1,6,Director,2,25/08/2012,27,Employee Group 27,Engineering,WPAPUBLICDEMO.ONMICROSOFT.COM,0000000-0000-0000-0000-0000000000,FALSE,1
040000008200E00074C5B7101A82E008000000001A92FE318738D9010000000000000000100000002EB758E4BB27C5459B36CAE42F84D3831676583900,0.083333336,1,0,0,0,0,0,0,0,0,Take a break,FALSE,FALSE,FALSE,1,0,0,0,1,16/02/2023 21:45,d5775448-392e-33bd-8226-ae38b4a387ac,d619c590-6525-4a85-ae4d-b792ba558f50,NA,America/Los_Angeles,Mgr+,US,InternalCollaborator,Customer Service,1,6,Director,2,25/08/2012,27,Employee Group 27,Engineering,WPAPUBLICDEMO.ONMICROSOFT.COM,0000000-0000-0000-0000-0000000000,FALSE,0.083333333
040000008200E00074C5B7101A82E008000000003D81F8308738D901000000000000000010000000FC0BE0439AA0DD41BC9B49048A8375F01676565000,2,1,0,0,0,0,0,0,0,0,Focus time,FALSE,FALSE,FALSE,1,0,0,0,1,16/02/2023 16:30,d5775448-392e-33bd-8226-ae38b4a387ac,d619c590-6525-4a85-ae4d-b792ba558f50,NA,America/Los_Angeles,Mgr+,US,InternalCollaborator,Customer Service,1,6,Director,2,25/08/2012,27,Employee Group 27,Engineering,WPAPUBLICDEMO.ONMICROSOFT.COM,0000000-0000-0000-0000-0000000000,FALSE,2
040000008200E00074C5B7101A82E008000000005CBCD73D8F38D901000000000000000010000000FF8B21D72341AB46A8B1AD2D76ED50581676565000,2,1,0,0,0,0,0,0,0,0,Focus time,FALSE,FALSE,FALSE,1,0,0,0,1,16/02/2023 16:30,f8ed6de3-7463-3a45-bbf6-026bb89424c0,aecc65cc-4ffa-4f88-9469-805953a2f4e4,NA,America/Los_Angeles,Mgr+,US,InternalCollaborator,Human Resources,3,14,Executive,1,11/07/2012,12,Employee Group 12,Operations,WPAPUBLICDEMO.ONMICROSOFT.COM,654a4f57-5b27-63c5-a500-849df79cb3b8,TRUE,2
040000008200E00074C5B7101A82E00800000000EB350F368838D90100000000000000001000000054D1A7FBFF27344598CF0AE00851B45D1676565000,2,1,0,0,0,0,0,0,0,0,Focus time,FALSE,FALSE,FALSE,1,0,0,0,1,16/02/2023 16:30,7407a274-f08a-3d6e-b3d4-137129a17c8e,169bf493-7f54-4550-a9ef-83ecb313e5cf,NA,America/Los_Angeles,Mgr+,US,InternalCollaborator,Facilities,2,6,Director,2,01/09/2012,37,Employee Group 37,Marketing,WPAPUBLICDEMO.ONMICROSOFT.COM,0000000-0000-0000-0000-0000000000,FALSE,2
040000008200E00074C5B7101A82E00800000000F7AFC3378838D901000000000000000010000000257FD719B3E6CE44AF0A95CCA1EF47711676583900,0.25,1,0,0,0,0,0,0,0,0,Take a break,FALSE,FALSE,FALSE,1,0,0,0,1,16/02/2023 21:45,7407a274-f08a-3d6e-b3d4-137129a17c8e,169bf493-7f54-4550-a9ef-83ecb313e5cf,NA,America/Los_Angeles,Mgr+,US,InternalCollaborator,Facilities,2,6,Director,2,01/09/2012,37,Employee Group 37,Marketing,WPAPUBLICDEMO.ONMICROSOFT.COM,0000000-0000-0000-0000-0000000000,FALSE,0.25
040000008200E00074C5B7101A82E00800000000F08EE6318738D9010000000000000000100000008F7D092170B85041B94FC84FFDD026001676573100,0.083333336,1,0,0,0,0,0,0,0,0,Take a break,FALSE,FALSE,FALSE,1,0,0,0,1,16/02/2023 18:45,d5775448-392e-33bd-8226-ae38b4a387ac,d619c590-6525-4a85-ae4d-b792ba558f50,NA,America/Los_Angeles,Mgr+,US,InternalCollaborator,Customer Service,1,6,Director,2,25/08/2012,27,Employee Group 27,Engineering,WPAPUBLICDEMO.ONMICROSOFT.COM,0000000-0000-0000-0000-0000000000,FALSE,0.083333333
040000008200E00074C5B7101A82E00807E702102BE5955A2D24D801000000000000000010000000D87A0EA90A1288449B3C7F74B97FC42B1676505600,144,6,1,0,0,0,0,0,17,0,No-meeting day,TRUE,FALSE,TRUE,1,6,0,0,7,16/02/2023 00:00,bb097379-891f-3c7a-ab9b-bd723329dda5,44769754-9af5-4310-9007-c0ba986848d7,NA,America/Los_Angeles,Mgr+,US,InternalCollaborator,Biz Dev,0,6,Director,2,01/12/2013,17,Employee Group 17,Operations,WPAPUBLICDEMO.ONMICROSOFT.COM,3d7ed447-75a5-6488-a5d5-b45798a6fa17,TRUE,24
040000008200E00074C5B7101A82E008000000008F241CBE4138D90100000000000000001000000013767F93F2B8CE4C992B6AC970E8FB1F1676536200,2,1,0,0,0,0,0,0,0,0,Focus time,FALSE,FALSE,FALSE,1,0,0,0,1,16/02/2023 08:30,8e357da8-d9c2-3f2a-8b51-bac09377e49e,1c5f7232-c62f-419f-b58e-e0b99525509c,NA,Etc/UTC,Mgr+,US,InternalCollaborator,Biz Dev,1,14,Executive,1,08/01/2015,1,Employee Group 1,Operations,WPAPUBLICDEMO.ONMICROSOFT.COM,3773d00d-aa7b-4327-983a-013e82842959,TRUE,2
040000008200E00074C5B7101A82E008000000006CDAED388838D901000000000000000010000000575B3DE2015FE341A958103333687CAA1676576700,0.25,1,0,0,0,0,0,0,0,0,Catch up on messages,FALSE,FALSE,FALSE,1,0,0,0,1,16/02/2023 19:45,7407a274-f08a-3d6e-b3d4-137129a17c8e,169bf493-7f54-4550-a9ef-83ecb313e5cf,NA,America/Los_Angeles,Mgr+,US,InternalCollaborator,Facilities,2,6,Director,2,01/09/2012,37,Employee Group 37,Marketing,WPAPUBLICDEMO.ONMICROSOFT.COM,0000000-0000-0000-0000-0000000000,FALSE,0.25
040000008200E00074C5B7101A82E00800000000D5B2A4378838D901000000000000000010000000AE413651A3A3774794991438105D53861676573100,0.25,1,0,0,0,0,0,0,0,0,Take a break,FALSE,FALSE,FALSE,1,0,0,0,1,16/02/2023 18:45,7407a274-f08a-3d6e-b3d4-137129a17c8e,169bf493-7f54-4550-a9ef-83ecb313e5cf,NA,America/Los_Angeles,Mgr+,US,InternalCollaborator,Facilities,2,6,Director,2,01/09/2012,37,Employee Group 37,Marketing,WPAPUBLICDEMO.ONMICROSOFT.COM,0000000-0000-0000-0000-0000000000,FALSE,0.25
040000008200E00074C5B7101A82E008000000003DFE13398838D9010000000000000000100000003A2642B90AAC7641BF8560160A2CCDDC1676663100,0.25,1,0,0,0,0,0,0,0,0,Catch up on messages,FALSE,FALSE,FALSE,1,0,0,0,1,17/02/2023 19:45,7407a274-f08a-3d6e-b3d4-137129a17c8e,169bf493-7f54-4550-a9ef-83ecb313e5cf,NA,America/Los_Angeles,Mgr+,US,InternalCollaborator,Facilities,2,6,Director,2,01/09/2012,37,Employee Group 37,Marketing,WPAPUBLICDEMO.ONMICROSOFT.COM,0000000-0000-0000-0000-0000000000,FALSE,0.25
040000008200E00074C5B7101A82E008000000007E702E328738D90100000000000000001000000035D361456AA01F4C9A3A7D4D69D9E1AA1676670300,0.083333336,1,0,0,0,0,0,0,0,0,Take a break,FALSE,FALSE,FALSE,1,0,0,0,1,17/02/2023 21:45,d5775448-392e-33bd-8226-ae38b4a387ac,d619c590-6525-4a85-ae4d-b792ba558f50,NA,America/Los_Angeles,Mgr+,US,InternalCollaborator,Customer Service,1,6,Director,2,25/08/2012,27,Employee Group 27,Engineering,WPAPUBLICDEMO.ONMICROSOFT.COM,0000000-0000-0000-0000-0000000000,FALSE,0.083333333
040000008200E00074C5B7101A82E0080000000079E33FBE4138D901000000000000000010000000931C368A19C1F748973C12B25F8FB5541676622600,2,1,0,0,0,0,0,0,0,0,Focus time,FALSE,FALSE,FALSE,1,0,0,0,1,17/02/2023 08:30,8e357da8-d9c2-3f2a-8b51-bac09377e49e,1c5f7232-c62f-419f-b58e-e0b99525509c,NA,Etc/UTC,Mgr+,US,InternalCollaborator,Biz Dev,1,14,Executive,1,08/01/2015,1,Employee Group 1,Operations,WPAPUBLICDEMO.ONMICROSOFT.COM,3773d00d-aa7b-4327-983a-013e82842959,TRUE,2
040000008200E00074C5B7101A82E00807E70211C61ACB1B5D21D90100000000000000001000000032728B17A95ACB4D8D75795CC26B27791676664000,1,1,0,0,0,0,0,0,0,0,Lunch,FALSE,FALSE,TRUE,1,0,0,0,1,17/02/2023 20:00,d5775448-392e-33bd-8226-ae38b4a387ac,d619c590-6525-4a85-ae4d-b792ba558f50,NA,America/Los_Angeles,Mgr+,US,InternalCollaborator,Customer Service,1,6,Director,2,25/08/2012,27,Employee Group 27,Engineering,WPAPUBLICDEMO.ONMICROSOFT.COM,0000000-0000-0000-0000-0000000000,FALSE,1
040000008200E00074C5B7101A82E008000000006486DB378838D90100000000000000001000000088E3F66A3B615740BA3B2FE1A2D6C06E1676659500,0.25,1,0,0,0,0,0,0,0,0,Take a break,FALSE,FALSE,FALSE,1,0,0,0,1,17/02/2023 18:45,7407a274-f08a-3d6e-b3d4-137129a17c8e,169bf493-7f54-4550-a9ef-83ecb313e5cf,NA,America/Los_Angeles,Mgr+,US,InternalCollaborator,Facilities,2,6,Director,2,01/09/2012,37,Employee Group 37,Marketing,WPAPUBLICDEMO.ONMICROSOFT.COM,0000000-0000-0000-0000-0000000000,FALSE,0.25
040000008200E00074C5B7101A82E008000000008F83B65A7C38D901000000000000000010000000C90C113F07CA7440B514BB6E589E45FC1676653200,2,1,0,0,0,0,0,0,0,0,Focus time,FALSE,FALSE,FALSE,1,0,0,0,1,17/02/2023 17:00,889a5782-ce40-38b3-b44c-69953cf329b4,7c97a818-aa07-459d-a650-ebf352cce2f0,NA,America/Los_Angeles,Mgr+,US,InternalCollaborator,Finance-Corporate,5,14,Executive,1,30/05/2011,4,Employee Group 4,Finance,WPAPUBLICDEMO.ONMICROSOFT.COM,39124dce-a1e4-4bd0-b2d2-212a864cf67a,TRUE,2
040000008200E00074C5B7101A82E00800000000046B29368838D9010000000000000000100000002D420AD9BE00C945894A60853C9358EB1676651400,2,1,0,0,0,0,0,0,0,0,Focus time,FALSE,FALSE,FALSE,1,0,0,0,1,17/02/2023 16:30,7407a274-f08a-3d6e-b3d4-137129a17c8e,169bf493-7f54-4550-a9ef-83ecb313e5cf,NA,America/Los_Angeles,Mgr+,US,InternalCollaborator,Facilities,2,6,Director,2,01/09/2012,37,Employee Group 37,Marketing,WPAPUBLICDEMO.ONMICROSOFT.COM,0000000-0000-0000-0000-0000000000,FALSE,2
040000008200E00074C5B7101A82E00807E70211B4F0FC4FA631D901000000000000000010000000323E58022FCC8541AF7E72DE72B2684E1676631600,3,1,0,0,0,0,0,0,0,0,Obed,FALSE,FALSE,TRUE,1,0,0,0,1,17/02/2023 11:00,7407a274-f08a-3d6e-b3d4-137129a17c8e,169bf493-7f54-4550-a9ef-83ecb313e5cf,NA,America/Los_Angeles,Mgr+,US,InternalCollaborator,Facilities,2,6,Director,2,01/09/2012,37,Employee Group 37,Marketing,WPAPUBLICDEMO.ONMICROSOFT.COM,0000000-0000-0000-0000-0000000000,FALSE,3
040000008200E00074C5B7101A82E00800000000816816328738D90100000000000000001000000050C36C056FEDA043862F696F386CE9891676659500,0.083333336,1,0,0,0,0,0,0,0,0,Take a break,FALSE,FALSE,FALSE,1,0,0,0,1,17/02/2023 18:45,d5775448-392e-33bd-8226-ae38b4a387ac,d619c590-6525-4a85-ae4d-b792ba558f50,NA,America/Los_Angeles,Mgr+,US,InternalCollaborator,Customer Service,1,6,Director,2,25/08/2012,27,Employee Group 27,Engineering,WPAPUBLICDEMO.ONMICROSOFT.COM,0000000-0000-0000-0000-0000000000,FALSE,0.083333333
040000008200E00074C5B7101A82E008000000006A605BA5363DD90100000000000000001000000015EB7864B42A39439D5DE6904E015B501676670300,0.25,1,0,0,0,0,0,0,0,0,Take a break,FALSE,FALSE,FALSE,1,0,0,0,1,17/02/2023 21:45,0f80b8f3-795f-3f65-b3aa-9f516d964c63,c15c2ff3-3dca-4b8b-a877-b4a4553d1172,NA,America/Los_Angeles,Mgr+,US,InternalCollaborator,G&A East,2,6,Director,2,16/05/2015,111,Employee Group 111,R_and_D,WPAPUBLICDEMO.ONMICROSOFT.COM,0000000-0000-0000-0000-0000000000,FALSE,0.25
040000008200E00074C5B7101A82E00800000000CCC4CB328738D9010000000000000000100000001042326836D1624CAB7B26B28DFCB0991676593800,0.5,1,0,0,0,0,0,0,0,0,Catch up on messages,FALSE,FALSE,FALSE,1,0,0,0,1,17/02/2023 00:30,d5775448-392e-33bd-8226-ae38b4a387ac,d619c590-6525-4a85-ae4d-b792ba558f50,NA,America/Los_Angeles,Mgr+,US,InternalCollaborator,Customer Service,1,6,Director,2,25/08/2012,27,Employee Group 27,Engineering,WPAPUBLICDEMO.ONMICROSOFT.COM,0000000-0000-0000-0000-0000000000,FALSE,0.5
040000008200E00074C5B7101A82E00800000000118A43A5363DD90100000000000000001000000085EA50BA5A88F24697A827D827AC3F921676659500,0.25,1,0,0,0,0,0,0,0,0,Take a break,FALSE,FALSE,FALSE,1,0,0,0,1,17/02/2023 18:45,0f80b8f3-795f-3f65-b3aa-9f516d964c63,c15c2ff3-3dca-4b8b-a877-b4a4553d1172,NA,America/Los_Angeles,Mgr+,US,InternalCollaborator,G&A East,2,6,Director,2,16/05/2015,111,Employee Group 111,R_and_D,WPAPUBLICDEMO.ONMICROSOFT.COM,0000000-0000-0000-0000-0000000000,FALSE,0.25
040000008200E00074C5B7101A82E00800000000DBC1F5378838D901000000000000000010000000E59E79DBB459954AAD7C79EE0AC56FE11676670300,0.25,1,0,0,0,0,0,0,0,0,Take a break,FALSE,FALSE,FALSE,1,0,0,0,1,17/02/2023 21:45,7407a274-f08a-3d6e-b3d4-137129a17c8e,169bf493-7f54-4550-a9ef-83ecb313e5cf,NA,America/Los_Angeles,Mgr+,US,InternalCollaborator,Facilities,2,6,Director,2,01/09/2012,37,Employee Group 37,Marketing,WPAPUBLICDEMO.ONMICROSOFT.COM,0000000-0000-0000-0000-0000000000,FALSE,0.25
040000008200E00074C5B7101A82E008000000002D7B4B78CC3CD901000000000000000010000000A7E199C3A02E7B45970B3A670B89A1AC1676651400,2,1,0,0,0,0,0,0,0,0,Focus time,FALSE,FALSE,FALSE,1,0,0,0,1,17/02/2023 16:30,0f80b8f3-795f-3f65-b3aa-9f516d964c63,c15c2ff3-3dca-4b8b-a877-b4a4553d1172,NA,America/Los_Angeles,Mgr+,US,InternalCollaborator,G&A East,2,6,Director,2,16/05/2015,111,Employee Group 111,R_and_D,WPAPUBLICDEMO.ONMICROSOFT.COM,0000000-0000-0000-0000-0000000000,FALSE,2
040000008200E00074C5B7101A82E008000000008D5726338738D9010000000000000000100000001F4FD0AA7A871044A43D224857876E2C1676660400,1,1,0,0,0,0,0,0,0,0,Learning time,FALSE,FALSE,FALSE,1,0,0,0,1,17/02/2023 19:00,d5775448-392e-33bd-8226-ae38b4a387ac,d619c590-6525-4a85-ae4d-b792ba558f50,NA,America/Los_Angeles,Mgr+,US,InternalCollaborator,Customer Service,1,6,Director,2,25/08/2012,27,Employee Group 27,Engineering,WPAPUBLICDEMO.ONMICROSOFT.COM,0000000-0000-0000-0000-0000000000,FALSE,1
040000008200E00074C5B7101A82E0080000000036511E318738D901000000000000000010000000881D4E63CA5DD249A12551FC8DDAD0DA1676651400,2,1,0,0,0,0,0,0,0,0,Focus time,FALSE,FALSE,FALSE,1,0,0,0,1,17/02/2023 16:30,d5775448-392e-33bd-8226-ae38b4a387ac,d619c590-6525-4a85-ae4d-b792ba558f50,NA,America/Los_Angeles,Mgr+,US,InternalCollaborator,Customer Service,1,6,Director,2,25/08/2012,27,Employee Group 27,Engineering,WPAPUBLICDEMO.ONMICROSOFT.COM,0000000-0000-0000-0000-0000000000,FALSE,2
040000008200E00074C5B7101A82E00800000000840A65398838D90100000000000000001000000030F0D64CAEF0A34B88CDA5154A0049B41676664000,1,1,0,0,0,0,0,0,0,0,Learning time,FALSE,FALSE,FALSE,1,0,0,0,1,17/02/2023 20:00,7407a274-f08a-3d6e-b3d4-137129a17c8e,169bf493-7f54-4550-a9ef-83ecb313e5cf,NA,America/Los_Angeles,Mgr+,US,InternalCollaborator,Facilities,2,6,Director,2,01/09/2012,37,Employee Group 37,Marketing,WPAPUBLICDEMO.ONMICROSOFT.COM,0000000-0000-0000-0000-0000000000,FALSE,1
040000008200E00074C5B7101A82E00800000000B036E1328738D9010000000000000000100000008DDC39CA15380F4D9441F842AB7AD8791676680200,0.5,1,0,0,0,0,0,0,0,0,Catch up on messages,FALSE,FALSE,FALSE,1,0,0,0,1,18/02/2023 00:30,d5775448-392e-33bd-8226-ae38b4a387ac,d619c590-6525-4a85-ae4d-b792ba558f50,NA,America/Los_Angeles,Mgr+,US,InternalCollaborator,Customer Service,1,6,Director,2,25/08/2012,27,Employee Group 27,Engineering,WPAPUBLICDEMO.ONMICROSOFT.COM,0000000-0000-0000-0000-0000000000,FALSE,0.5
040000008200E00074C5B7101A82E00807E702120C225123ACE2D7010000000000000000100000006B1061F14266C448936F870C3F5AE8411676678400,312,13,1,0,0,0,0,0,61,0,Canceled: No-meeting day,TRUE,TRUE,TRUE,1,13,0,0,14,18/02/2023 00:00,f8ed6de3-7463-3a45-bbf6-026bb89424c0,aecc65cc-4ffa-4f88-9469-805953a2f4e4,NA,America/Los_Angeles,Mgr+,US,InternalCollaborator,Human Resources,3,14,Executive,1,11/07/2012,12,Employee Group 12,Operations,WPAPUBLICDEMO.ONMICROSOFT.COM,654a4f57-5b27-63c5-a500-849df79cb3b8,TRUE,24
040000008200E00074C5B7101A82E00807E70212A53A195AF3A3D801000000000000000010000000DA977C8D33EDA0459DA7F6CB2EAF35E31676678400,216,9,1,0,0,0,0,0,48,0,Canceled: <U+7121><U+6703><U+8B70><U+65E5>,TRUE,TRUE,TRUE,1,10,0,0,11,18/02/2023 00:00,7407a274-f08a-3d6e-b3d4-137129a17c8e,169bf493-7f54-4550-a9ef-83ecb313e5cf,NA,America/Los_Angeles,Mgr+,US,InternalCollaborator,Facilities,2,6,Director,2,01/09/2012,37,Employee Group 37,Marketing,WPAPUBLICDEMO.ONMICROSOFT.COM,0000000-0000-0000-0000-0000000000,FALSE,24
040000008200E00074C5B7101A82E008000000006FDC0CDCF13DD9010000000000000000100000001E6C554836F0AF43ADE14FC4E07D67AC1676910600,2,1,0,0,0,0,0,0,0,0,Focus time,FALSE,FALSE,FALSE,1,0,0,0,1,20/02/2023 16:30,0f80b8f3-795f-3f65-b3aa-9f516d964c63,c15c2ff3-3dca-4b8b-a877-b4a4553d1172,NA,America/Los_Angeles,Mgr+,US,InternalCollaborator,G&A East,2,6,Director,2,16/05/2015,111,Employee Group 111,R_and_D,WPAPUBLICDEMO.ONMICROSOFT.COM,0000000-0000-0000-0000-0000000000,FALSE,2
040000008200E00074C5B7101A82E0080000000040179BAE033ED901000000000000000010000000814D05BC1976EA4B98ED1D729CA5C2D61676929500,0.083333336,1,0,0,0,0,0,0,0,0,Take a break,FALSE,FALSE,FALSE,1,0,0,0,1,20/02/2023 21:45,d5775448-392e-33bd-8226-ae38b4a387ac,d619c590-6525-4a85-ae4d-b792ba558f50,NA,America/Los_Angeles,Mgr+,US,InternalCollaborator,Customer Service,1,6,Director,2,25/08/2012,27,Employee Group 27,Engineering,WPAPUBLICDEMO.ONMICROSOFT.COM,0000000-0000-0000-0000-0000000000,FALSE,0.083333333
040000008200E00074C5B7101A82E008000000000147204F0C3ED9010000000000000000100000008C8539845CF113498E9FD0D3D380567B1676912400,2,1,0,0,0,0,0,0,0,0,Focus time,FALSE,FALSE,FALSE,1,0,0,0,1,20/02/2023 17:00,889a5782-ce40-38b3-b44c-69953cf329b4,7c97a818-aa07-459d-a650-ebf352cce2f0,NA,America/Los_Angeles,Mgr+,US,InternalCollaborator,Finance-Corporate,5,14,Executive,1,30/05/2011,4,Employee Group 4,Finance,WPAPUBLICDEMO.ONMICROSOFT.COM,39124dce-a1e4-4bd0-b2d2-212a864cf67a,TRUE,2
040000008200E00074C5B7101A82E00807E70214B4F0FC4FA631D901000000000000000010000000323E58022FCC8541AF7E72DE72B2684E1676890800,3,1,0,0,0,0,0,0,0,0,Obed,FALSE,FALSE,TRUE,1,0,0,0,1,20/02/2023 11:00,7407a274-f08a-3d6e-b3d4-137129a17c8e,169bf493-7f54-4550-a9ef-83ecb313e5cf,NA,America/Los_Angeles,Mgr+,US,InternalCollaborator,Facilities,2,6,Director,2,01/09/2012,37,Employee Group 37,Marketing,WPAPUBLICDEMO.ONMICROSOFT.COM,0000000-0000-0000-0000-0000000000,FALSE,3
040000008200E00074C5B7101A82E00800000000D0FB85AD033ED901000000000000000010000000F4229614C2784C4B896B7E69304EB5601676910600,2,1,0,0,0,0,0,0,0,0,Focus time,FALSE,FALSE,FALSE,1,0,0,0,1,20/02/2023 16:30,d5775448-392e-33bd-8226-ae38b4a387ac,d619c590-6525-4a85-ae4d-b792ba558f50,NA,America/Los_Angeles,Mgr+,US,InternalCollaborator,Customer Service,1,6,Director,2,25/08/2012,27,Employee Group 27,Engineering,WPAPUBLICDEMO.ONMICROSOFT.COM,0000000-0000-0000-0000-0000000000,FALSE,2
040000008200E00074C5B7101A82E0080000000026DC80AE033ED9010000000000000000100000003E93BE32B014E641AF1AA93C38BC15291676918700,0.083333336,1,0,0,0,0,0,0,0,0,Take a break,FALSE,FALSE,FALSE,1,0,0,0,1,20/02/2023 18:45,d5775448-392e-33bd-8226-ae38b4a387ac,d619c590-6525-4a85-ae4d-b792ba558f50,NA,America/Los_Angeles,Mgr+,US,InternalCollaborator,Customer Service,1,6,Director,2,25/08/2012,27,Employee Group 27,Engineering,WPAPUBLICDEMO.ONMICROSOFT.COM,0000000-0000-0000-0000-0000000000,FALSE,0.083333333
040000008200E00074C5B7101A82E00800000000FF993EFFF23DD901000000000000000010000000253D08A97B473A4096EF9799A47957A41676910600,2,1,0,0,0,0,0,0,0,0,Focus time,FALSE,FALSE,FALSE,1,0,0,0,1,20/02/2023 16:30,f8ed6de3-7463-3a45-bbf6-026bb89424c0,aecc65cc-4ffa-4f88-9469-805953a2f4e4,NA,America/Los_Angeles,Mgr+,US,InternalCollaborator,Human Resources,3,14,Executive,1,11/07/2012,12,Employee Group 12,Operations,WPAPUBLICDEMO.ONMICROSOFT.COM,654a4f57-5b27-63c5-a500-849df79cb3b8,TRUE,2
040000008200E00074C5B7101A82E00800000000EB8F0A9DF33DD901000000000000000010000000F91877AB41FE2A49AED2EFD19B1D61E61676910600,2,1,0,0,0,0,0,0,0,0,Focus time,FALSE,FALSE,FALSE,1,0,0,0,1,20/02/2023 16:30,7407a274-f08a-3d6e-b3d4-137129a17c8e,169bf493-7f54-4550-a9ef-83ecb313e5cf,NA,America/Los_Angeles,Mgr+,US,InternalCollaborator,Facilities,2,6,Director,2,01/09/2012,37,Employee Group 37,Marketing,WPAPUBLICDEMO.ONMICROSOFT.COM,0000000-0000-0000-0000-0000000000,FALSE,2
040000008200E00074C5B7101A82E00800000000FB1CAB3EC93DD901000000000000000010000000B789CF06F2BA1D45834F51B390AC54581676881800,2,1,0,0,0,0,0,0,0,0,Focus time,FALSE,FALSE,FALSE,1,0,0,0,1,20/02/2023 08:30,8e357da8-d9c2-3f2a-8b51-bac09377e49e,1c5f7232-c62f-419f-b58e-e0b99525509c,NA,Etc/UTC,Mgr+,US,InternalCollaborator,Biz Dev,1,14,Executive,1,08/01/2015,1,Employee Group 1,Operations,WPAPUBLICDEMO.ONMICROSOFT.COM,3773d00d-aa7b-4327-983a-013e82842959,TRUE,2
040000008200E00074C5B7101A82E00800000000C8102B9EF33DD9010000000000000000100000003174ED7338B8A74D9CB3ADACBC0AE91A1676918700,0.25,1,0,0,0,0,0,0,0,0,Take a break,FALSE,FALSE,FALSE,1,0,0,0,1,20/02/2023 18:45,7407a274-f08a-3d6e-b3d4-137129a17c8e,169bf493-7f54-4550-a9ef-83ecb313e5cf,NA,America/Los_Angeles,Mgr+,US,InternalCollaborator,Facilities,2,6,Director,2,01/09/2012,37,Employee Group 37,Marketing,WPAPUBLICDEMO.ONMICROSOFT.COM,0000000-0000-0000-0000-0000000000,FALSE,0.25
040000008200E00074C5B7101A82E00807E70214C61ACB1B5D21D90100000000000000001000000032728B17A95ACB4D8D75795CC26B27791676923200,1,1,0,0,0,0,0,0,0,0,Lunch,FALSE,FALSE,TRUE,1,0,0,0,1,20/02/2023 20:00,d5775448-392e-33bd-8226-ae38b4a387ac,d619c590-6525-4a85-ae4d-b792ba558f50,NA,America/Los_Angeles,Mgr+,US,InternalCollaborator,Customer Service,1,6,Director,2,25/08/2012,27,Employee Group 27,Engineering,WPAPUBLICDEMO.ONMICROSOFT.COM,0000000-0000-0000-0000-0000000000,FALSE,1
040000008200E00074C5B7101A82E0080000000034CF909FF33DD9010000000000000000100000002EF94A5F216DA546895314EF968C94C51676922300,0.25,1,0,0,0,0,0,0,0,0,Catch up on messages,FALSE,FALSE,FALSE,1,0,0,0,1,20/02/2023 19:45,7407a274-f08a-3d6e-b3d4-137129a17c8e,169bf493-7f54-4550-a9ef-83ecb313e5cf,NA,America/Los_Angeles,Mgr+,US,InternalCollaborator,Facilities,2,6,Director,2,01/09/2012,37,Employee Group 37,Marketing,WPAPUBLICDEMO.ONMICROSOFT.COM,0000000-0000-0000-0000-0000000000,FALSE,0.25
040000008200E00074C5B7101A82E008000000007D6E4C9EF33DD901000000000000000010000000944AC6E3C6254244BFA1F32A3110861B1676929500,0.25,1,0,0,0,0,0,0,0,0,Take a break,FALSE,FALSE,FALSE,1,0,0,0,1,20/02/2023 21:45,7407a274-f08a-3d6e-b3d4-137129a17c8e,169bf493-7f54-4550-a9ef-83ecb313e5cf,NA,America/Los_Angeles,Mgr+,US,InternalCollaborator,Facilities,2,6,Director,2,01/09/2012,37,Employee Group 37,Marketing,WPAPUBLICDEMO.ONMICROSOFT.COM,0000000-0000-0000-0000-0000000000,FALSE,0.25
040000008200E00074C5B7101A82E008000000004F949BFFF23DD9010000000000000000100000002F8438BF144ED442ADAA2F22F3678B5B1676997000,2,1,0,0,0,0,0,0,0,0,Focus time,FALSE,FALSE,FALSE,1,0,0,0,1,21/02/2023 16:30,f8ed6de3-7463-3a45-bbf6-026bb89424c0,aecc65cc-4ffa-4f88-9469-805953a2f4e4,NA,America/Los_Angeles,Mgr+,US,InternalCollaborator,Human Resources,3,14,Executive,1,11/07/2012,12,Employee Group 12,Operations,WPAPUBLICDEMO.ONMICROSOFT.COM,654a4f57-5b27-63c5-a500-849df79cb3b8,TRUE,2
040000008200E00074C5B7101A82E00807E70215C61ACB1B5D21D90100000000000000001000000032728B17A95ACB4D8D75795CC26B27791677009600,1,1,0,0,0,0,0,0,0,0,Lunch,FALSE,FALSE,TRUE,1,0,0,0,1,21/02/2023 20:00,d5775448-392e-33bd-8226-ae38b4a387ac,d619c590-6525-4a85-ae4d-b792ba558f50,NA,America/Los_Angeles,Mgr+,US,InternalCollaborator,Customer Service,1,6,Director,2,25/08/2012,27,Employee Group 27,Engineering,WPAPUBLICDEMO.ONMICROSOFT.COM,0000000-0000-0000-0000-0000000000,FALSE,1
040000008200E00074C5B7101A82E00807E70215FD43784EFB2FD901000000000000000010000000CAE41AFF809F124DBFD784B86AB960B31676937600,46.5,2,1,0,0,0,0,0,8,0,Møtefri dag,TRUE,FALSE,TRUE,1,1,0,0,2,21/02/2023 00:00,d5775448-392e-33bd-8226-ae38b4a387ac,d619c590-6525-4a85-ae4d-b792ba558f50,NA,America/Los_Angeles,Mgr+,US,InternalCollaborator,Customer Service,1,6,Director,2,25/08/2012,27,Employee Group 27,Engineering,WPAPUBLICDEMO.ONMICROSOFT.COM,0000000-0000-0000-0000-0000000000,FALSE,24
040000008200E00074C5B7101A82E00800000000CCDF809EF33DD901000000000000000010000000CB5D0B4F564AB049B0899FF2632FDA271677015900,0.25,1,0,0,0,0,0,0,0,0,Take a break,FALSE,FALSE,FALSE,1,0,0,0,1,21/02/2023 21:45,7407a274-f08a-3d6e-b3d4-137129a17c8e,169bf493-7f54-4550-a9ef-83ecb313e5cf,NA,America/Los_Angeles,Mgr+,US,InternalCollaborator,Facilities,2,6,Director,2,01/09/2012,37,Employee Group 37,Marketing,WPAPUBLICDEMO.ONMICROSOFT.COM,0000000-0000-0000-0000-0000000000,FALSE,0.25
040000008200E00074C5B7101A82E008000000005BF4AEDCF13DD901000000000000000010000000B40BE76977F5C94885D2A84D4482C4801676997000,2,1,0,0,0,0,0,0,0,0,Focus time,FALSE,FALSE,FALSE,1,0,0,0,1,21/02/2023 16:30,0f80b8f3-795f-3f65-b3aa-9f516d964c63,c15c2ff3-3dca-4b8b-a877-b4a4553d1172,NA,America/Los_Angeles,Mgr+,US,InternalCollaborator,G&A East,2,6,Director,2,16/05/2015,111,Employee Group 111,R_and_D,WPAPUBLICDEMO.ONMICROSOFT.COM,0000000-0000-0000-0000-0000000000,FALSE,2
040000008200E00074C5B7101A82E008000000005BDF84AF033ED9010000000000000000100000000E02617722EB4944AF07670400F6480D1676939400,0.5,1,0,0,0,0,0,0,0,0,Catch up on messages,FALSE,FALSE,FALSE,1,0,0,0,1,21/02/2023 00:30,d5775448-392e-33bd-8226-ae38b4a387ac,d619c590-6525-4a85-ae4d-b792ba558f50,NA,America/Los_Angeles,Mgr+,US,InternalCollaborator,Customer Service,1,6,Director,2,25/08/2012,27,Employee Group 27,Engineering,WPAPUBLICDEMO.ONMICROSOFT.COM,0000000-0000-0000-0000-0000000000,FALSE,0.5
040000008200E00074C5B7101A82E00800000000C313419DF33DD90100000000000000001000000067EB562382C5E84CB9094AA8A680B0261676997000,2,1,0,0,0,0,0,0,0,0,Focus time,FALSE,FALSE,FALSE,1,0,0,0,1,21/02/2023 16:30,7407a274-f08a-3d6e-b3d4-137129a17c8e,169bf493-7f54-4550-a9ef-83ecb313e5cf,NA,America/Los_Angeles,Mgr+,US,InternalCollaborator,Facilities,2,6,Director,2,01/09/2012,37,Employee Group 37,Marketing,WPAPUBLICDEMO.ONMICROSOFT.COM,0000000-0000-0000-0000-0000000000,FALSE,2
040000008200E00074C5B7101A82E008000000005AE4619EF33DD901000000000000000010000000CE78740C996E8A49977D6D340D3DACCF1677005100,0.25,1,0,0,0,0,0,0,0,0,Take a break,FALSE,FALSE,FALSE,1,0,0,0,1,21/02/2023 18:45,7407a274-f08a-3d6e-b3d4-137129a17c8e,169bf493-7f54-4550-a9ef-83ecb313e5cf,NA,America/Los_Angeles,Mgr+,US,InternalCollaborator,Facilities,2,6,Director,2,01/09/2012,37,Employee Group 37,Marketing,WPAPUBLICDEMO.ONMICROSOFT.COM,0000000-0000-0000-0000-0000000000,FALSE,0.25
040000008200E00074C5B7101A82E0080000000028C2DF3EC93DD901000000000000000010000000783E83A175C96E42A3016F61D9AEDF091676968200,2,1,0,0,0,0,0,0,0,0,Focus time,FALSE,FALSE,FALSE,1,0,0,0,1,21/02/2023 08:30,8e357da8-d9c2-3f2a-8b51-bac09377e49e,1c5f7232-c62f-419f-b58e-e0b99525509c,NA,Etc/UTC,Mgr+,US,InternalCollaborator,Biz Dev,1,14,Executive,1,08/01/2015,1,Employee Group 1,Operations,WPAPUBLICDEMO.ONMICROSOFT.COM,3773d00d-aa7b-4327-983a-013e82842959,TRUE,2
040000008200E00074C5B7101A82E00800000000D5A5A89FF33DD9010000000000000000100000003F75C446C213B249BFADE72F42F859751677008700,0.25,1,0,0,0,0,0,0,0,0,Catch up on messages,FALSE,FALSE,FALSE,1,0,0,0,1,21/02/2023 19:45,7407a274-f08a-3d6e-b3d4-137129a17c8e,169bf493-7f54-4550-a9ef-83ecb313e5cf,NA,America/Los_Angeles,Mgr+,US,InternalCollaborator,Facilities,2,6,Director,2,01/09/2012,37,Employee Group 37,Marketing,WPAPUBLICDEMO.ONMICROSOFT.COM,0000000-0000-0000-0000-0000000000,FALSE,0.25
040000008200E00074C5B7101A82E00807E70215B4F0FC4FA631D901000000000000000010000000323E58022FCC8541AF7E72DE72B2684E1676977200,3,1,0,0,0,0,0,0,0,0,Obed,FALSE,FALSE,TRUE,1,0,0,0,1,21/02/2023 11:00,7407a274-f08a-3d6e-b3d4-137129a17c8e,169bf493-7f54-4550-a9ef-83ecb313e5cf,NA,America/Los_Angeles,Mgr+,US,InternalCollaborator,Facilities,2,6,Director,2,01/09/2012,37,Employee Group 37,Marketing,WPAPUBLICDEMO.ONMICROSOFT.COM,0000000-0000-0000-0000-0000000000,FALSE,3
040000008200E00074C5B7101A82E00800000000E08AB0AE033ED9010000000000000000100000004DA574AA9B2F5F4CA313C05A72A134751677091500,0.083333336,1,0,0,0,0,0,0,0,0,Take a break,FALSE,FALSE,FALSE,1,0,0,0,1,22/02/2023 18:45,d5775448-392e-33bd-8226-ae38b4a387ac,d619c590-6525-4a85-ae4d-b792ba558f50,NA,America/Los_Angeles,Mgr+,US,InternalCollaborator,Customer Service,1,6,Director,2,25/08/2012,27,Employee Group 27,Engineering,WPAPUBLICDEMO.ONMICROSOFT.COM,0000000-0000-0000-0000-0000000000,FALSE,0.083333333
040000008200E00074C5B7101A82E00800000000707E594F0C3ED9010000000000000000100000000F0F0FC40ACB01468AEBC314CA3D0FF41677085200,2,1,0,0,0,0,0,0,0,0,Focus time,FALSE,FALSE,FALSE,1,0,0,0,1,22/02/2023 17:00,889a5782-ce40-38b3-b44c-69953cf329b4,7c97a818-aa07-459d-a650-ebf352cce2f0,NA,America/Los_Angeles,Mgr+,US,InternalCollaborator,Finance-Corporate,5,14,Executive,1,30/05/2011,4,Employee Group 4,Finance,WPAPUBLICDEMO.ONMICROSOFT.COM,39124dce-a1e4-4bd0-b2d2-212a864cf67a,TRUE,2
040000008200E00074C5B7101A82E00807E70216C61ACB1B5D21D90100000000000000001000000032728B17A95ACB4D8D75795CC26B27791677096000,1,1,0,0,0,0,0,0,0,0,Lunch,FALSE,FALSE,TRUE,1,0,0,0,1,22/02/2023 20:00,d5775448-392e-33bd-8226-ae38b4a387ac,d619c590-6525-4a85-ae4d-b792ba558f50,NA,America/Los_Angeles,Mgr+,US,InternalCollaborator,Customer Service,1,6,Director,2,25/08/2012,27,Employee Group 27,Engineering,WPAPUBLICDEMO.ONMICROSOFT.COM,0000000-0000-0000-0000-0000000000,FALSE,1
040000008200E00074C5B7101A82E00807E70216B4F0FC4FA631D901000000000000000010000000323E58022FCC8541AF7E72DE72B2684E1677063600,3,1,0,0,0,0,0,0,0,0,Obed,FALSE,FALSE,TRUE,1,0,0,0,1,22/02/2023 11:00,7407a274-f08a-3d6e-b3d4-137129a17c8e,169bf493-7f54-4550-a9ef-83ecb313e5cf,NA,America/Los_Angeles,Mgr+,US,InternalCollaborator,Facilities,2,6,Director,2,01/09/2012,37,Employee Group 37,Marketing,WPAPUBLICDEMO.ONMICROSOFT.COM,0000000-0000-0000-0000-0000000000,FALSE,3
040000008200E00074C5B7101A82E008000000005B5DFC3EC93DD901000000000000000010000000A6CA75B0912A694B95E7F7C1744ACF3C1677054600,2,1,0,0,0,0,0,0,0,0,Focus time,FALSE,FALSE,FALSE,1,0,0,0,1,22/02/2023 08:30,8e357da8-d9c2-3f2a-8b51-bac09377e49e,1c5f7232-c62f-419f-b58e-e0b99525509c,NA,Etc/UTC,Mgr+,US,InternalCollaborator,Biz Dev,1,14,Executive,1,08/01/2015,1,Employee Group 1,Operations,WPAPUBLICDEMO.ONMICROSOFT.COM,3773d00d-aa7b-4327-983a-013e82842959,TRUE,2
040000008200E00074C5B7101A82E00800000000E396BFAD033ED9010000000000000000100000001E2D78D97501A54086A74854E5DC16791677083400,2,1,0,0,0,0,0,0,0,0,Focus time,FALSE,FALSE,FALSE,1,0,0,0,1,22/02/2023 16:30,d5775448-392e-33bd-8226-ae38b4a387ac,d619c590-6525-4a85-ae4d-b792ba558f50,NA,America/Los_Angeles,Mgr+,US,InternalCollaborator,Customer Service,1,6,Director,2,25/08/2012,27,Employee Group 27,Engineering,WPAPUBLICDEMO.ONMICROSOFT.COM,0000000-0000-0000-0000-0000000000,FALSE,2
040000008200E00074C5B7101A82E00800000000B719BE9FF33DD9010000000000000000100000003B8A74B0CA8FB0418C40C685AFB8C2401677095100,0.25,1,0,0,0,0,0,0,0,0,Catch up on messages,FALSE,FALSE,FALSE,1,0,0,0,1,22/02/2023 19:45,7407a274-f08a-3d6e-b3d4-137129a17c8e,169bf493-7f54-4550-a9ef-83ecb313e5cf,NA,America/Los_Angeles,Mgr+,US,InternalCollaborator,Facilities,2,6,Director,2,01/09/2012,37,Employee Group 37,Marketing,WPAPUBLICDEMO.ONMICROSOFT.COM,0000000-0000-0000-0000-0000000000,FALSE,0.25
040000008200E00074C5B7101A82E00800000000D053969EF33DD901000000000000000010000000003A0CE41832E14192EF148E01D35A691677091500,0.25,1,0,0,0,0,0,0,0,0,Take a break,FALSE,FALSE,FALSE,1,0,0,0,1,22/02/2023 18:45,7407a274-f08a-3d6e-b3d4-137129a17c8e,169bf493-7f54-4550-a9ef-83ecb313e5cf,NA,America/Los_Angeles,Mgr+,US,InternalCollaborator,Facilities,2,6,Director,2,01/09/2012,37,Employee Group 37,Marketing,WPAPUBLICDEMO.ONMICROSOFT.COM,0000000-0000-0000-0000-0000000000,FALSE,0.25
040000008200E00074C5B7101A82E008000000009E5FC8AE033ED9010000000000000000100000009A559415CB71FE448D85F2B3FBA23B6A1677102300,0.083333336,1,0,0,0,0,0,0,0,0,Take a break,FALSE,FALSE,FALSE,1,0,0,0,1,22/02/2023 21:45,d5775448-392e-33bd-8226-ae38b4a387ac,d619c590-6525-4a85-ae4d-b792ba558f50,NA,America/Los_Angeles,Mgr+,US,InternalCollaborator,Customer Service,1,6,Director,2,25/08/2012,27,Employee Group 27,Engineering,WPAPUBLICDEMO.ONMICROSOFT.COM,0000000-0000-0000-0000-0000000000,FALSE,0.083333333
040000008200E00074C5B7101A82E00800000000430F609DF33DD901000000000000000010000000C89378A4F48F194587149797DE3E38571677083400,2,1,0,0,0,0,0,0,0,0,Focus time,FALSE,FALSE,FALSE,1,0,0,0,1,22/02/2023 16:30,7407a274-f08a-3d6e-b3d4-137129a17c8e,169bf493-7f54-4550-a9ef-83ecb313e5cf,NA,America/Los_Angeles,Mgr+,US,InternalCollaborator,Facilities,2,6,Director,2,01/09/2012,37,Employee Group 37,Marketing,WPAPUBLICDEMO.ONMICROSOFT.COM,0000000-0000-0000-0000-0000000000,FALSE,2
040000008200E00074C5B7101A82E008000000000B57BFFFF23DD901000000000000000010000000F090D877D592434ABD06493DB46DD59C1677083400,2,1,0,0,0,0,0,0,0,0,Focus time,FALSE,FALSE,FALSE,1,0,0,0,1,22/02/2023 16:30,f8ed6de3-7463-3a45-bbf6-026bb89424c0,aecc65cc-4ffa-4f88-9469-805953a2f4e4,NA,America/Los_Angeles,Mgr+,US,InternalCollaborator,Human Resources,3,14,Executive,1,11/07/2012,12,Employee Group 12,Operations,WPAPUBLICDEMO.ONMICROSOFT.COM,654a4f57-5b27-63c5-a500-849df79cb3b8,TRUE,2
040000008200E00074C5B7101A82E00807E70216188C62D41F02D8010000000000000000100000003BA3EF0A9CC56140B760EA9AD1B0971B1677024000,408,17,1,0,0,0,0,0,51,0,Canceled: No-meeting day,TRUE,TRUE,TRUE,1,17,0,0,18,22/02/2023 00:00,889a5782-ce40-38b3-b44c-69953cf329b4,7c97a818-aa07-459d-a650-ebf352cce2f0,NA,America/Los_Angeles,Mgr+,US,InternalCollaborator,Finance-Corporate,5,14,Executive,1,30/05/2011,4,Employee Group 4,Finance,WPAPUBLICDEMO.ONMICROSOFT.COM,39124dce-a1e4-4bd0-b2d2-212a864cf67a,TRUE,24
040000008200E00074C5B7101A82E008000000000FCAAB9EF33DD901000000000000000010000000CAB46B30E75CD044B0C0D21BC03F83231677102300,0.25,1,0,0,0,0,0,0,0,0,Take a break,FALSE,FALSE,FALSE,1,0,0,0,1,22/02/2023 21:45,7407a274-f08a-3d6e-b3d4-137129a17c8e,169bf493-7f54-4550-a9ef-83ecb313e5cf,NA,America/Los_Angeles,Mgr+,US,InternalCollaborator,Facilities,2,6,Director,2,01/09/2012,37,Employee Group 37,Marketing,WPAPUBLICDEMO.ONMICROSOFT.COM,0000000-0000-0000-0000-0000000000,FALSE,0.25
040000008200E00074C5B7101A82E0080000000075D5DDAE033ED901000000000000000010000000B4A94E701B43774083ECB78F91A4E8861677177900,0.083333336,1,0,0,0,0,0,0,0,0,Take a break,FALSE,FALSE,FALSE,1,0,0,0,1,23/02/2023 18:45,d5775448-392e-33bd-8226-ae38b4a387ac,d619c590-6525-4a85-ae4d-b792ba558f50,NA,America/Los_Angeles,Mgr+,US,InternalCollaborator,Customer Service,1,6,Director,2,25/08/2012,27,Employee Group 27,Engineering,WPAPUBLICDEMO.ONMICROSOFT.COM,0000000-0000-0000-0000-0000000000,FALSE,0.083333333
040000008200E00074C5B7101A82E00800000000D174DB9EF33DD9010000000000000000100000001BEEA302D80D644486914C2A9F9C7CE21677188700,0.25,1,0,0,0,0,0,0,0,0,Take a break,FALSE,FALSE,FALSE,1,0,0,0,1,23/02/2023 21:45,7407a274-f08a-3d6e-b3d4-137129a17c8e,169bf493-7f54-4550-a9ef-83ecb313e5cf,NA,America/Los_Angeles,Mgr+,US,InternalCollaborator,Facilities,2,6,Director,2,01/09/2012,37,Employee Group 37,Marketing,WPAPUBLICDEMO.ONMICROSOFT.COM,0000000-0000-0000-0000-0000000000,FALSE,0.25
040000008200E00074C5B7101A82E0080000000018F6183FC93DD9010000000000000000100000002D8F402AEAF73E4DA3D44570A93BCAE81677141000,2,1,0,0,0,0,0,0,0,0,Focus time,FALSE,FALSE,FALSE,1,0,0,0,1,23/02/2023 08:30,8e357da8-d9c2-3f2a-8b51-bac09377e49e,1c5f7232-c62f-419f-b58e-e0b99525509c,NA,Etc/UTC,Mgr+,US,InternalCollaborator,Biz Dev,1,14,Executive,1,08/01/2015,1,Employee Group 1,Operations,WPAPUBLICDEMO.ONMICROSOFT.COM,3773d00d-aa7b-4327-983a-013e82842959,TRUE,2
040000008200E00074C5B7101A82E00800000000BF19E3FFF23DD90100000000000000001000000075964CFF83680845B2E4A0DDB6C2D06A1677169800,2,1,0,0,0,0,0,0,0,0,Focus time,FALSE,FALSE,FALSE,1,0,0,0,1,23/02/2023 16:30,f8ed6de3-7463-3a45-bbf6-026bb89424c0,aecc65cc-4ffa-4f88-9469-805953a2f4e4,NA,America/Los_Angeles,Mgr+,US,InternalCollaborator,Human Resources,3,14,Executive,1,11/07/2012,12,Employee Group 12,Operations,WPAPUBLICDEMO.ONMICROSOFT.COM,654a4f57-5b27-63c5-a500-849df79cb3b8,TRUE,2
040000008200E00074C5B7101A82E0080000000077A1C39EF33DD901000000000000000010000000E71DF26E056308469CD0F0A19F3AAC931677177900,0.25,1,0,0,0,0,0,0,0,0,Take a break,FALSE,FALSE,FALSE,1,0,0,0,1,23/02/2023 18:45,7407a274-f08a-3d6e-b3d4-137129a17c8e,169bf493-7f54-4550-a9ef-83ecb313e5cf,NA,America/Los_Angeles,Mgr+,US,InternalCollaborator,Facilities,2,6,Director,2,01/09/2012,37,Employee Group 37,Marketing,WPAPUBLICDEMO.ONMICROSOFT.COM,0000000-0000-0000-0000-0000000000,FALSE,0.25
040000008200E00074C5B7101A82E00800000000B5BAE5AD033ED9010000000000000000100000001FA1F7594C09764197B81C539F0570631677169800,2,1,0,0,0,0,0,0,0,0,Focus time,FALSE,FALSE,FALSE,1,0,0,0,1,23/02/2023 16:30,d5775448-392e-33bd-8226-ae38b4a387ac,d619c590-6525-4a85-ae4d-b792ba558f50,NA,America/Los_Angeles,Mgr+,US,InternalCollaborator,Customer Service,1,6,Director,2,25/08/2012,27,Employee Group 27,Engineering,WPAPUBLICDEMO.ONMICROSOFT.COM,0000000-0000-0000-0000-0000000000,FALSE,2
040000008200E00074C5B7101A82E00800000000FB47F3AE033ED9010000000000000000100000001562B94787095F4F9B308ED11025F0101677188700,0.083333336,1,0,0,0,0,0,0,0,0,Take a break,FALSE,FALSE,FALSE,1,0,0,0,1,23/02/2023 21:45,d5775448-392e-33bd-8226-ae38b4a387ac,d619c590-6525-4a85-ae4d-b792ba558f50,NA,America/Los_Angeles,Mgr+,US,InternalCollaborator,Customer Service,1,6,Director,2,25/08/2012,27,Employee Group 27,Engineering,WPAPUBLICDEMO.ONMICROSOFT.COM,0000000-0000-0000-0000-0000000000,FALSE,0.083333333
040000008200E00074C5B7101A82E0080000000022AA7C9DF33DD901000000000000000010000000E82EAC6683134647AE53325D33E9E1ED1677169800,2,1,0,0,0,0,0,0,0,0,Focus time,FALSE,FALSE,FALSE,1,0,0,0,1,23/02/2023 16:30,7407a274-f08a-3d6e-b3d4-137129a17c8e,169bf493-7f54-4550-a9ef-83ecb313e5cf,NA,America/Los_Angeles,Mgr+,US,InternalCollaborator,Facilities,2,6,Director,2,01/09/2012,37,Employee Group 37,Marketing,WPAPUBLICDEMO.ONMICROSOFT.COM,0000000-0000-0000-0000-0000000000,FALSE,2
040000008200E00074C5B7101A82E00807E70217C61ACB1B5D21D90100000000000000001000000032728B17A95ACB4D8D75795CC26B27791677182400,1,1,0,0,0,0,0,0,0,0,Lunch,FALSE,FALSE,TRUE,1,0,0,0,1,23/02/2023 20:00,d5775448-392e-33bd-8226-ae38b4a387ac,d619c590-6525-4a85-ae4d-b792ba558f50,NA,America/Los_Angeles,Mgr+,US,InternalCollaborator,Customer Service,1,6,Director,2,25/08/2012,27,Employee Group 27,Engineering,WPAPUBLICDEMO.ONMICROSOFT.COM,0000000-0000-0000-0000-0000000000,FALSE,1
040000008200E00074C5B7101A82E00807E70217B4F0FC4FA631D901000000000000000010000000323E58022FCC8541AF7E72DE72B2684E1677150000,3,1,1,0,0,0,0,1,0,0,Obed,FALSE,FALSE,TRUE,1,0,0,0,1,23/02/2023 11:00,7407a274-f08a-3d6e-b3d4-137129a17c8e,169bf493-7f54-4550-a9ef-83ecb313e5cf,NA,America/Los_Angeles,Mgr+,US,InternalCollaborator,Facilities,2,6,Director,2,01/09/2012,37,Employee Group 37,Marketing,WPAPUBLICDEMO.ONMICROSOFT.COM,0000000-0000-0000-0000-0000000000,FALSE,3
040000008200E00074C5B7101A82E00807E702172BE5955A2D24D801000000000000000010000000D87A0EA90A1288449B3C7F74B97FC42B1677110400,144,6,3,0,0,0,0,0,194,0,No-meeting day,TRUE,FALSE,TRUE,1,6,0,0,7,23/02/2023 00:00,bb097379-891f-3c7a-ab9b-bd723329dda5,44769754-9af5-4310-9007-c0ba986848d7,NA,America/Los_Angeles,Mgr+,US,InternalCollaborator,Biz Dev,0,6,Director,2,01/12/2013,17,Employee Group 17,Operations,WPAPUBLICDEMO.ONMICROSOFT.COM,3d7ed447-75a5-6488-a5d5-b45798a6fa17,TRUE,24
040000008200E00074C5B7101A82E008000000002CF0D59FF33DD901000000000000000010000000EE5F87832033A04099232A7F9782D8BA1677181500,0.25,1,0,0,0,0,0,0,0,0,Catch up on messages,FALSE,FALSE,FALSE,1,0,0,0,1,23/02/2023 19:45,7407a274-f08a-3d6e-b3d4-137129a17c8e,169bf493-7f54-4550-a9ef-83ecb313e5cf,NA,America/Los_Angeles,Mgr+,US,InternalCollaborator,Facilities,2,6,Director,2,01/09/2012,37,Employee Group 37,Marketing,WPAPUBLICDEMO.ONMICROSOFT.COM,0000000-0000-0000-0000-0000000000,FALSE,0.25
040000008200E00074C5B7101A82E0080000000084539AAF033ED901000000000000000010000000C4BB89BE0910544D8B280B8ED3FA73011677112200,0.5,1,0,0,0,0,0,0,0,0,Catch up on messages,FALSE,FALSE,FALSE,1,0,0,0,1,23/02/2023 00:30,d5775448-392e-33bd-8226-ae38b4a387ac,d619c590-6525-4a85-ae4d-b792ba558f50,NA,America/Los_Angeles,Mgr+,US,InternalCollaborator,Customer Service,1,6,Director,2,25/08/2012,27,Employee Group 27,Engineering,WPAPUBLICDEMO.ONMICROSOFT.COM,0000000-0000-0000-0000-0000000000,FALSE,0.5
040000008200E00074C5B7101A82E00807E70218B4F0FC4FA631D901000000000000000010000000323E58022FCC8541AF7E72DE72B2684E1677236400,3,1,0,0,0,0,0,0,0,0,Obed,FALSE,FALSE,TRUE,1,0,0,0,1,24/02/2023 11:00,7407a274-f08a-3d6e-b3d4-137129a17c8e,169bf493-7f54-4550-a9ef-83ecb313e5cf,NA,America/Los_Angeles,Mgr+,US,InternalCollaborator,Facilities,2,6,Director,2,01/09/2012,37,Employee Group 37,Marketing,WPAPUBLICDEMO.ONMICROSOFT.COM,0000000-0000-0000-0000-0000000000,FALSE,3
040000008200E00074C5B7101A82E008000000006864EB9FF33DD9010000000000000000100000003146DA0B618FC74E92B73CA12AF0130C1677267900,0.25,1,0,0,0,0,0,0,0,0,Catch up on messages,FALSE,FALSE,FALSE,1,0,0,0,1,24/02/2023 19:45,7407a274-f08a-3d6e-b3d4-137129a17c8e,169bf493-7f54-4550-a9ef-83ecb313e5cf,NA,America/Los_Angeles,Mgr+,US,InternalCollaborator,Facilities,2,6,Director,2,01/09/2012,37,Employee Group 37,Marketing,WPAPUBLICDEMO.ONMICROSOFT.COM,0000000-0000-0000-0000-0000000000,FALSE,0.25
040000008200E00074C5B7101A82E008000000004583B4F6F33DD9010000000000000000100000003C2E22EA4CFC3745BFD9A4FB7828553B1677264300,0.25,1,0,0,0,0,0,0,0,0,Take a break,FALSE,FALSE,FALSE,1,0,0,0,1,24/02/2023 18:45,0f80b8f3-795f-3f65-b3aa-9f516d964c63,c15c2ff3-3dca-4b8b-a877-b4a4553d1172,NA,America/Los_Angeles,Mgr+,US,InternalCollaborator,G&A East,2,6,Director,2,16/05/2015,111,Employee Group 111,R_and_D,WPAPUBLICDEMO.ONMICROSOFT.COM,0000000-0000-0000-0000-0000000000,FALSE,0.25
040000008200E00074C5B7101A82E00800000000B9CCAFAF033ED901000000000000000010000000F0AC3AEFE4A9C44398630F112449D8A71677198600,0.5,1,0,0,0,0,0,0,0,0,Catch up on messages,FALSE,FALSE,FALSE,1,0,0,0,1,24/02/2023 00:30,d5775448-392e-33bd-8226-ae38b4a387ac,d619c590-6525-4a85-ae4d-b792ba558f50,NA,America/Los_Angeles,Mgr+,US,InternalCollaborator,Customer Service,1,6,Director,2,25/08/2012,27,Employee Group 27,Engineering,WPAPUBLICDEMO.ONMICROSOFT.COM,0000000-0000-0000-0000-0000000000,FALSE,0.5
040000008200E00074C5B7101A82E008000000007AADF59EF33DD90100000000000000001000000024EBADD6393423468FB78B502492C2D61677264300,0.25,1,0,0,0,0,0,0,0,0,Take a break,FALSE,FALSE,FALSE,1,0,0,0,1,24/02/2023 18:45,7407a274-f08a-3d6e-b3d4-137129a17c8e,169bf493-7f54-4550-a9ef-83ecb313e5cf,NA,America/Los_Angeles,Mgr+,US,InternalCollaborator,Facilities,2,6,Director,2,01/09/2012,37,Employee Group 37,Marketing,WPAPUBLICDEMO.ONMICROSOFT.COM,0000000-0000-0000-0000-0000000000,FALSE,0.25
040000008200E00074C5B7101A82E008000000008B870D9FF33DD90100000000000000001000000053FA1995C3381C449B0325BDE2D786971677275100,0.25,1,0,0,0,0,0,0,0,0,Take a break,FALSE,FALSE,FALSE,1,0,0,0,1,24/02/2023 21:45,7407a274-f08a-3d6e-b3d4-137129a17c8e,169bf493-7f54-4550-a9ef-83ecb313e5cf,NA,America/Los_Angeles,Mgr+,US,InternalCollaborator,Facilities,2,6,Director,2,01/09/2012,37,Employee Group 37,Marketing,WPAPUBLICDEMO.ONMICROSOFT.COM,0000000-0000-0000-0000-0000000000,FALSE,0.25
040000008200E00074C5B7101A82E0080000000016321EAF033ED901000000000000000010000000E73B09CC5C694440B16352AAF99BDC621677275100,0.083333336,1,0,0,0,0,0,0,0,0,Take a break,FALSE,FALSE,FALSE,1,0,0,0,1,24/02/2023 21:45,d5775448-392e-33bd-8226-ae38b4a387ac,d619c590-6525-4a85-ae4d-b792ba558f50,NA,America/Los_Angeles,Mgr+,US,InternalCollaborator,Customer Service,1,6,Director,2,25/08/2012,27,Employee Group 27,Engineering,WPAPUBLICDEMO.ONMICROSOFT.COM,0000000-0000-0000-0000-0000000000,FALSE,0.083333333
040000008200E00074C5B7101A82E00800000000ADBE39A0F33DD901000000000000000010000000CC1C538C93ECE9488CA504621E90DFAB1677268800,1,1,0,0,0,0,0,0,0,0,Learning time,FALSE,FALSE,FALSE,1,0,0,0,1,24/02/2023 20:00,7407a274-f08a-3d6e-b3d4-137129a17c8e,169bf493-7f54-4550-a9ef-83ecb313e5cf,NA,America/Los_Angeles,Mgr+,US,InternalCollaborator,Facilities,2,6,Director,2,01/09/2012,37,Employee Group 37,Marketing,WPAPUBLICDEMO.ONMICROSOFT.COM,0000000-0000-0000-0000-0000000000,FALSE,1
040000008200E00074C5B7101A82E00800000000510B9E9DF33DD90100000000000000001000000031DE0FACEA420A4880DD1D7B980225821677256200,2,1,0,0,0,0,0,0,0,0,Focus time,FALSE,FALSE,FALSE,1,0,0,0,1,24/02/2023 16:30,7407a274-f08a-3d6e-b3d4-137129a17c8e,169bf493-7f54-4550-a9ef-83ecb313e5cf,NA,America/Los_Angeles,Mgr+,US,InternalCollaborator,Facilities,2,6,Director,2,01/09/2012,37,Employee Group 37,Marketing,WPAPUBLICDEMO.ONMICROSOFT.COM,0000000-0000-0000-0000-0000000000,FALSE,2
040000008200E00074C5B7101A82E00800000000A335784F0C3ED9010000000000000000100000007A2D608C1B0EF24ABDE740BEB816169C1677258000,2,1,0,0,0,0,0,0,0,0,Focus time,FALSE,FALSE,FALSE,1,0,0,0,1,24/02/2023 17:00,889a5782-ce40-38b3-b44c-69953cf329b4,7c97a818-aa07-459d-a650-ebf352cce2f0,NA,America/Los_Angeles,Mgr+,US,InternalCollaborator,Finance-Corporate,5,14,Executive,1,30/05/2011,4,Employee Group 4,Finance,WPAPUBLICDEMO.ONMICROSOFT.COM,39124dce-a1e4-4bd0-b2d2-212a864cf67a,TRUE,2
040000008200E00074C5B7101A82E00807E70218C61ACB1B5D21D90100000000000000001000000032728B17A95ACB4D8D75795CC26B27791677268800,1,1,0,0,0,0,0,0,0,0,Lunch,FALSE,FALSE,TRUE,1,0,0,0,1,24/02/2023 20:00,d5775448-392e-33bd-8226-ae38b4a387ac,d619c590-6525-4a85-ae4d-b792ba558f50,NA,America/Los_Angeles,Mgr+,US,InternalCollaborator,Customer Service,1,6,Director,2,25/08/2012,27,Employee Group 27,Engineering,WPAPUBLICDEMO.ONMICROSOFT.COM,0000000-0000-0000-0000-0000000000,FALSE,1
040000008200E00074C5B7101A82E0080000000019BE08AF033ED90100000000000000001000000014523F76964A474F9DF959A3E29F1EAF1677264300,0.083333336,1,0,0,0,0,0,0,0,0,Take a break,FALSE,FALSE,FALSE,1,0,0,0,1,24/02/2023 18:45,d5775448-392e-33bd-8226-ae38b4a387ac,d619c590-6525-4a85-ae4d-b792ba558f50,NA,America/Los_Angeles,Mgr+,US,InternalCollaborator,Customer Service,1,6,Director,2,25/08/2012,27,Employee Group 27,Engineering,WPAPUBLICDEMO.ONMICROSOFT.COM,0000000-0000-0000-0000-0000000000,FALSE,0.083333333
040000008200E00074C5B7101A82E008000000005B7D09AE033ED901000000000000000010000000F3D17EA9B44B854590A5A78CBB35BB411677256200,2,1,0,0,0,0,0,0,0,0,Focus time,FALSE,FALSE,FALSE,1,0,0,0,1,24/02/2023 16:30,d5775448-392e-33bd-8226-ae38b4a387ac,d619c590-6525-4a85-ae4d-b792ba558f50,NA,America/Los_Angeles,Mgr+,US,InternalCollaborator,Customer Service,1,6,Director,2,25/08/2012,27,Employee Group 27,Engineering,WPAPUBLICDEMO.ONMICROSOFT.COM,0000000-0000-0000-0000-0000000000,FALSE,2
040000008200E00074C5B7101A82E00800000000B144D8F6F33DD901000000000000000010000000632E90E41F351A47A092FB56E9BCFEE51677275100,0.25,1,0,0,0,0,0,0,0,0,Take a break,FALSE,FALSE,FALSE,1,0,0,0,1,24/02/2023 21:45,0f80b8f3-795f-3f65-b3aa-9f516d964c63,c15c2ff3-3dca-4b8b-a877-b4a4553d1172,NA,America/Los_Angeles,Mgr+,US,InternalCollaborator,G&A East,2,6,Director,2,16/05/2015,111,Employee Group 111,R_and_D,WPAPUBLICDEMO.ONMICROSOFT.COM,0000000-0000-0000-0000-0000000000,FALSE,0.25
040000008200E00074C5B7101A82E008000000005BCE0EB0033ED901000000000000000010000000CC884EE64642EB42B3D8B352B19609381677265200,1,1,0,0,0,0,0,0,0,0,Learning time,FALSE,FALSE,FALSE,1,0,0,0,1,24/02/2023 19:00,d5775448-392e-33bd-8226-ae38b4a387ac,d619c590-6525-4a85-ae4d-b792ba558f50,NA,America/Los_Angeles,Mgr+,US,InternalCollaborator,Customer Service,1,6,Director,2,25/08/2012,27,Employee Group 27,Engineering,WPAPUBLICDEMO.ONMICROSOFT.COM,0000000-0000-0000-0000-0000000000,FALSE,1
040000008200E00074C5B7101A82E008000000006B91353FC93DD9010000000000000000100000004586B9FC7C1364488476221F831EF7211677227400,2,1,0,0,0,0,0,0,0,0,Focus time,FALSE,FALSE,FALSE,1,0,0,0,1,24/02/2023 08:30,8e357da8-d9c2-3f2a-8b51-bac09377e49e,1c5f7232-c62f-419f-b58e-e0b99525509c,NA,Etc/UTC,Mgr+,US,InternalCollaborator,Biz Dev,1,14,Executive,1,08/01/2015,1,Employee Group 1,Operations,WPAPUBLICDEMO.ONMICROSOFT.COM,3773d00d-aa7b-4327-983a-013e82842959,TRUE,2
040000008200E00074C5B7101A82E00807E702190C225123ACE2D7010000000000000000100000006B1061F14266C448936F870C3F5AE8411677283200,312,13,2,0,0,0,0,0,275,0,Canceled: No-meeting day,TRUE,TRUE,TRUE,1,13,0,0,14,25/02/2023 00:00,f8ed6de3-7463-3a45-bbf6-026bb89424c0,aecc65cc-4ffa-4f88-9469-805953a2f4e4,NA,America/Los_Angeles,Mgr+,US,InternalCollaborator,Human Resources,3,14,Executive,1,11/07/2012,12,Employee Group 12,Operations,WPAPUBLICDEMO.ONMICROSOFT.COM,654a4f57-5b27-63c5-a500-849df79cb3b8,TRUE,24
040000008200E00074C5B7101A82E00800000000FC3BC5AF033ED90100000000000000001000000023BA43B9F0D16F469E16C4CBE40FFC811677285000,0.5,1,0,0,0,0,0,0,0,0,Catch up on messages,FALSE,FALSE,FALSE,1,0,0,0,1,25/02/2023 00:30,d5775448-392e-33bd-8226-ae38b4a387ac,d619c590-6525-4a85-ae4d-b792ba558f50,NA,America/Los_Angeles,Mgr+,US,InternalCollaborator,Customer Service,1,6,Director,2,25/08/2012,27,Employee Group 27,Engineering,WPAPUBLICDEMO.ONMICROSOFT.COM,0000000-0000-0000-0000-0000000000,FALSE,0.5
040000008200E00074C5B7101A82E00807E70219A53A195AF3A3D801000000000000000010000000DA977C8D33EDA0459DA7F6CB2EAF35E31677283200,216,9,4,0,0,0,0,0,293,0,Canceled: <U+7121><U+6703><U+8B70><U+65E5>,TRUE,TRUE,TRUE,1,10,0,0,11,25/02/2023 00:00,7407a274-f08a-3d6e-b3d4-137129a17c8e,169bf493-7f54-4550-a9ef-83ecb313e5cf,NA,America/Los_Angeles,Mgr+,US,InternalCollaborator,Facilities,2,6,Director,2,01/09/2012,37,Employee Group 37,Marketing,WPAPUBLICDEMO.ONMICROSOFT.COM,0000000-0000-0000-0000-0000000000,FALSE,24
040000008200E00074C5B7101A82E0080000000085FB44C44743D901000000000000000010000000FB38814550B3764A831ADF1FFE049C311677486600,2,1,0,0,0,0,0,0,0,0,Focus time,FALSE,FALSE,FALSE,1,0,0,0,1,27/02/2023 08:30,8e357da8-d9c2-3f2a-8b51-bac09377e49e,1c5f7232-c62f-419f-b58e-e0b99525509c,NA,Etc/UTC,Mgr+,US,InternalCollaborator,Biz Dev,1,14,Executive,1,08/01/2015,1,Employee Group 1,Operations,WPAPUBLICDEMO.ONMICROSOFT.COM,3773d00d-aa7b-4327-983a-013e82842959,TRUE,2
040000008200E00074C5B7101A82E008000000007877554B8343D9010000000000000000100000004B7DE3595EB1B54A812A86F42FF8A4C81677527100,0.25,1,0,0,0,0,0,0,0,0,Catch up on messages,FALSE,FALSE,FALSE,1,0,0,0,1,27/02/2023 19:45,7407a274-f08a-3d6e-b3d4-137129a17c8e,169bf493-7f54-4550-a9ef-83ecb313e5cf,NA,America/Los_Angeles,Mgr+,US,InternalCollaborator,Facilities,2,6,Director,2,01/09/2012,37,Employee Group 37,Marketing,WPAPUBLICDEMO.ONMICROSOFT.COM,0000000-0000-0000-0000-0000000000,FALSE,0.25
040000008200E00074C5B7101A82E00800000000472B3C2E8143D90100000000000000001000000032C3AA06BC2EAB4182AF6DCCA953DCAF1677515400,2,1,0,0,0,0,0,0,0,0,Focus time,FALSE,FALSE,FALSE,1,0,0,0,1,27/02/2023 16:30,7407a274-f08a-3d6e-b3d4-137129a17c8e,169bf493-7f54-4550-a9ef-83ecb313e5cf,NA,America/Los_Angeles,Mgr+,US,InternalCollaborator,Facilities,2,6,Director,2,01/09/2012,37,Employee Group 37,Marketing,WPAPUBLICDEMO.ONMICROSOFT.COM,0000000-0000-0000-0000-0000000000,FALSE,2
040000008200E00074C5B7101A82E00800000000702A18E67743D9010000000000000000100000009B4AC61B3B210144A855D6387166B0DA1677515400,2,1,0,0,0,0,0,0,0,0,Focus time,FALSE,FALSE,FALSE,1,0,0,0,1,27/02/2023 16:30,d5775448-392e-33bd-8226-ae38b4a387ac,d619c590-6525-4a85-ae4d-b792ba558f50,NA,America/Los_Angeles,Mgr+,US,InternalCollaborator,Customer Service,1,6,Director,2,25/08/2012,27,Employee Group 27,Engineering,WPAPUBLICDEMO.ONMICROSOFT.COM,0000000-0000-0000-0000-0000000000,FALSE,2
040000008200E00074C5B7101A82E008000000008BB4D8588943D9010000000000000000100000007E3784CB6B2B5441BF7A3CD3611E7CE21677534300,0.25,1,0,0,0,0,0,0,0,0,Take a break,FALSE,FALSE,FALSE,1,0,0,0,1,27/02/2023 21:45,0f80b8f3-795f-3f65-b3aa-9f516d964c63,c15c2ff3-3dca-4b8b-a877-b4a4553d1172,NA,America/Los_Angeles,Mgr+,US,InternalCollaborator,G&A East,2,6,Director,2,16/05/2015,111,Employee Group 111,R_and_D,WPAPUBLICDEMO.ONMICROSOFT.COM,0000000-0000-0000-0000-0000000000,FALSE,0.25
040000008200E00074C5B7101A82E00800000000A7B314E77743D90100000000000000001000000028D8FC1AC2B0574FBBF109DA42A86C571677523500,0.083333336,1,0,0,0,0,0,0,0,0,Take a break,FALSE,FALSE,FALSE,1,0,0,0,1,27/02/2023 18:45,d5775448-392e-33bd-8226-ae38b4a387ac,d619c590-6525-4a85-ae4d-b792ba558f50,NA,America/Los_Angeles,Mgr+,US,InternalCollaborator,Customer Service,1,6,Director,2,25/08/2012,27,Employee Group 27,Engineering,WPAPUBLICDEMO.ONMICROSOFT.COM,0000000-0000-0000-0000-0000000000,FALSE,0.083333333
040000008200E00074C5B7101A82E008000000005F40C3588943D901000000000000000010000000FEB2CE4CAB51EB47B6FE9F5B743693861677523500,0.25,1,0,0,0,0,0,0,0,0,Take a break,FALSE,FALSE,FALSE,1,0,0,0,1,27/02/2023 18:45,0f80b8f3-795f-3f65-b3aa-9f516d964c63,c15c2ff3-3dca-4b8b-a877-b4a4553d1172,NA,America/Los_Angeles,Mgr+,US,InternalCollaborator,G&A East,2,6,Director,2,16/05/2015,111,Employee Group 111,R_and_D,WPAPUBLICDEMO.ONMICROSOFT.COM,0000000-0000-0000-0000-0000000000,FALSE,0.25
040000008200E00074C5B7101A82E00800000000178A2CE77743D9010000000000000000100000003021D826AF833144845C4E92AEBE45461677534300,0.083333336,1,0,0,0,0,0,0,0,0,Take a break,FALSE,FALSE,FALSE,1,0,0,0,1,27/02/2023 21:45,d5775448-392e-33bd-8226-ae38b4a387ac,d619c590-6525-4a85-ae4d-b792ba558f50,NA,America/Los_Angeles,Mgr+,US,InternalCollaborator,Customer Service,1,6,Director,2,25/08/2012,27,Employee Group 27,Engineering,WPAPUBLICDEMO.ONMICROSOFT.COM,0000000-0000-0000-0000-0000000000,FALSE,0.083333333
040000008200E00074C5B7101A82E008000000007A781AEC7D43D901000000000000000010000000BFC3D6365F876F4999560E77CCA279CF1677515400,2,1,0,0,0,0,0,0,0,0,Focus time,FALSE,FALSE,FALSE,1,0,0,0,1,27/02/2023 16:30,f8ed6de3-7463-3a45-bbf6-026bb89424c0,aecc65cc-4ffa-4f88-9469-805953a2f4e4,NA,America/Los_Angeles,Mgr+,US,InternalCollaborator,Human Resources,3,14,Executive,1,11/07/2012,12,Employee Group 12,Operations,WPAPUBLICDEMO.ONMICROSOFT.COM,654a4f57-5b27-63c5-a500-849df79cb3b8,TRUE,2
040000008200E00074C5B7101A82E00800000000A0685D297843D90100000000000000001000000015DCBC08D0056949B1076449D339D6101677517200,2,1,0,0,0,0,0,0,0,0,Focus time,FALSE,FALSE,FALSE,1,0,0,0,1,27/02/2023 17:00,889a5782-ce40-38b3-b44c-69953cf329b4,7c97a818-aa07-459d-a650-ebf352cce2f0,NA,America/Los_Angeles,Mgr+,US,InternalCollaborator,Finance-Corporate,5,14,Executive,1,30/05/2011,4,Employee Group 4,Finance,WPAPUBLICDEMO.ONMICROSOFT.COM,39124dce-a1e4-4bd0-b2d2-212a864cf67a,TRUE,2
040000008200E00074C5B7101A82E00807E7021BB4F0FC4FA631D901000000000000000010000000323E58022FCC8541AF7E72DE72B2684E1677495600,3,1,0,0,0,0,0,0,0,0,Obed,FALSE,FALSE,TRUE,1,0,0,0,1,27/02/2023 11:00,7407a274-f08a-3d6e-b3d4-137129a17c8e,169bf493-7f54-4550-a9ef-83ecb313e5cf,NA,America/Los_Angeles,Mgr+,US,InternalCollaborator,Facilities,2,6,Director,2,01/09/2012,37,Employee Group 37,Marketing,WPAPUBLICDEMO.ONMICROSOFT.COM,0000000-0000-0000-0000-0000000000,FALSE,3
040000008200E00074C5B7101A82E00807E7021BC61ACB1B5D21D90100000000000000001000000032728B17A95ACB4D8D75795CC26B27791677528000,1,1,0,0,0,0,0,0,0,0,Lunch,FALSE,FALSE,TRUE,1,0,0,0,1,27/02/2023 20:00,d5775448-392e-33bd-8226-ae38b4a387ac,d619c590-6525-4a85-ae4d-b792ba558f50,NA,America/Los_Angeles,Mgr+,US,InternalCollaborator,Customer Service,1,6,Director,2,25/08/2012,27,Employee Group 27,Engineering,WPAPUBLICDEMO.ONMICROSOFT.COM,0000000-0000-0000-0000-0000000000,FALSE,1
040000008200E00074C5B7101A82E008000000009D6BEE588943D901000000000000000010000000FC9DC12F2D372B47B06C4BFC337981E81677609900,0.25,1,0,0,0,0,0,0,0,0,Take a break,FALSE,FALSE,FALSE,1,0,0,0,1,28/02/2023 18:45,0f80b8f3-795f-3f65-b3aa-9f516d964c63,c15c2ff3-3dca-4b8b-a877-b4a4553d1172,NA,America/Los_Angeles,Mgr+,US,InternalCollaborator,G&A East,2,6,Director,2,16/05/2015,111,Employee Group 111,R_and_D,WPAPUBLICDEMO.ONMICROSOFT.COM,0000000-0000-0000-0000-0000000000,FALSE,0.25
040000008200E00074C5B7101A82E00800000000D12469EC7D43D9010000000000000000100000008189A738681E3140BF6B87B8441C4AF31677601800,2,1,0,0,0,0,0,0,0,0,Focus time,FALSE,FALSE,FALSE,1,0,0,0,1,28/02/2023 16:30,f8ed6de3-7463-3a45-bbf6-026bb89424c0,aecc65cc-4ffa-4f88-9469-805953a2f4e4,NA,America/Los_Angeles,Mgr+,US,InternalCollaborator,Human Resources,3,14,Executive,1,11/07/2012,12,Employee Group 12,Operations,WPAPUBLICDEMO.ONMICROSOFT.COM,654a4f57-5b27-63c5-a500-849df79cb3b8,TRUE,2
040000008200E00074C5B7101A82E00807E7021CFD43784EFB2FD901000000000000000010000000CAE41AFF809F124DBFD784B86AB960B31677542400,47,2,0,0,0,0,0,0,0,0,Møtefri dag,TRUE,FALSE,TRUE,1,1,0,0,2,28/02/2023 00:00,d5775448-392e-33bd-8226-ae38b4a387ac,d619c590-6525-4a85-ae4d-b792ba558f50,NA,America/Los_Angeles,Mgr+,US,InternalCollaborator,Customer Service,1,6,Director,2,25/08/2012,27,Employee Group 27,Engineering,WPAPUBLICDEMO.ONMICROSOFT.COM,0000000-0000-0000-0000-0000000000,FALSE,24
040000008200E00074C5B7101A82E008000000002BB06F4B8343D901000000000000000010000000A7ADF9F073EF5D459EEF3377B7F108B41677613500,0.25,1,0,0,0,0,0,0,0,0,Catch up on messages,FALSE,FALSE,FALSE,1,0,0,0,1,28/02/2023 19:45,7407a274-f08a-3d6e-b3d4-137129a17c8e,169bf493-7f54-4550-a9ef-83ecb313e5cf,NA,America/Los_Angeles,Mgr+,US,InternalCollaborator,Facilities,2,6,Director,2,01/09/2012,37,Employee Group 37,Marketing,WPAPUBLICDEMO.ONMICROSOFT.COM,0000000-0000-0000-0000-0000000000,FALSE,0.25
040000008200E00074C5B7101A82E00800000000F7A208598943D9010000000000000000100000003CEDC8C2658EFA41BF73416C93E2E8AC1677620700,0.25,1,0,0,0,0,0,0,0,0,Take a break,FALSE,FALSE,FALSE,1,0,0,0,1,28/02/2023 21:45,0f80b8f3-795f-3f65-b3aa-9f516d964c63,c15c2ff3-3dca-4b8b-a877-b4a4553d1172,NA,America/Los_Angeles,Mgr+,US,InternalCollaborator,G&A East,2,6,Director,2,16/05/2015,111,Employee Group 111,R_and_D,WPAPUBLICDEMO.ONMICROSOFT.COM,0000000-0000-0000-0000-0000000000,FALSE,0.25
040000008200E00074C5B7101A82E008000000002143862E8143D901000000000000000010000000229ADD09590D83408AB2BDC5726993C21677601800,2,1,0,0,0,0,0,0,0,0,Focus time,FALSE,FALSE,FALSE,1,0,0,0,1,28/02/2023 16:30,7407a274-f08a-3d6e-b3d4-137129a17c8e,169bf493-7f54-4550-a9ef-83ecb313e5cf,NA,America/Los_Angeles,Mgr+,US,InternalCollaborator,Facilities,2,6,Director,2,01/09/2012,37,Employee Group 37,Marketing,WPAPUBLICDEMO.ONMICROSOFT.COM,0000000-0000-0000-0000-0000000000,FALSE,2
040000008200E00074C5B7101A82E00807E7021CC61ACB1B5D21D90100000000000000001000000032728B17A95ACB4D8D75795CC26B27791677614400,1,1,0,0,0,0,0,0,0,0,Lunch,FALSE,FALSE,TRUE,1,0,0,0,1,28/02/2023 20:00,d5775448-392e-33bd-8226-ae38b4a387ac,d619c590-6525-4a85-ae4d-b792ba558f50,NA,America/Los_Angeles,Mgr+,US,InternalCollaborator,Customer Service,1,6,Director,2,25/08/2012,27,Employee Group 27,Engineering,WPAPUBLICDEMO.ONMICROSOFT.COM,0000000-0000-0000-0000-0000000000,FALSE,1
040000008200E00074C5B7101A82E00807E7021CB4F0FC4FA631D901000000000000000010000000323E58022FCC8541AF7E72DE72B2684E1677582000,3,1,0,0,0,0,0,0,0,0,Obed,FALSE,FALSE,TRUE,1,0,0,0,1,28/02/2023 11:00,7407a274-f08a-3d6e-b3d4-137129a17c8e,169bf493-7f54-4550-a9ef-83ecb313e5cf,NA,America/Los_Angeles,Mgr+,US,InternalCollaborator,Facilities,2,6,Director,2,01/09/2012,37,Employee Group 37,Marketing,WPAPUBLICDEMO.ONMICROSOFT.COM,0000000-0000-0000-0000-0000000000,FALSE,3
040000008200E00074C5B7101A82E00800000000F9BC68C44743D901000000000000000010000000E63E6D850CDA9B43BD95FC68F491C3811677573000,2,1,0,0,0,0,0,0,0,0,Focus time,FALSE,FALSE,FALSE,1,0,0,0,1,28/02/2023 08:30,8e357da8-d9c2-3f2a-8b51-bac09377e49e,1c5f7232-c62f-419f-b58e-e0b99525509c,NA,Etc/UTC,Mgr+,US,InternalCollaborator,Biz Dev,1,14,Executive,1,08/01/2015,1,Employee Group 1,Operations,WPAPUBLICDEMO.ONMICROSOFT.COM,3773d00d-aa7b-4327-983a-013e82842959,TRUE,2
040000008200E00074C5B7101A82E008000000008A7720598943D901000000000000000010000000E5A856E86303734EA2C6AE5CE334B0AD1677696300,0.25,1,0,0,0,0,0,0,0,0,Take a break,FALSE,FALSE,FALSE,1,0,0,0,1,01/03/2023 18:45,0f80b8f3-795f-3f65-b3aa-9f516d964c63,c15c2ff3-3dca-4b8b-a877-b4a4553d1172,NA,America/Los_Angeles,Mgr+,US,InternalCollaborator,G&A East,2,6,Director,2,16/05/2015,111,Employee Group 111,R_and_D,WPAPUBLICDEMO.ONMICROSOFT.COM,0000000-0000-0000-0000-0000000000,FALSE,0.25
040000008200E00074C5B7101A82E008000000002D8688297843D90100000000000000001000000079A98B0462B4F94B8A75F25980F0079D1677690000,2,1,0,0,0,0,0,0,0,0,Focus time,FALSE,FALSE,FALSE,1,0,0,0,1,01/03/2023 17:00,889a5782-ce40-38b3-b44c-69953cf329b4,7c97a818-aa07-459d-a650-ebf352cce2f0,NA,America/Los_Angeles,Mgr+,US,InternalCollaborator,Finance-Corporate,5,14,Executive,1,30/05/2011,4,Employee Group 4,Finance,WPAPUBLICDEMO.ONMICROSOFT.COM,39124dce-a1e4-4bd0-b2d2-212a864cf67a,TRUE,2
040000008200E00074C5B7101A82E008000000003CE86CE77743D9010000000000000000100000008CA7AEC2CF90E9448AEFB4D2B791296E1677707100,0.083333336,1,0,0,0,0,0,0,0,0,Take a break,FALSE,FALSE,FALSE,1,0,0,0,1,01/03/2023 21:45,d5775448-392e-33bd-8226-ae38b4a387ac,d619c590-6525-4a85-ae4d-b792ba558f50,NA,America/Los_Angeles,Mgr+,US,InternalCollaborator,Customer Service,1,6,Director,2,25/08/2012,27,Employee Group 27,Engineering,WPAPUBLICDEMO.ONMICROSOFT.COM,0000000-0000-0000-0000-0000000000,FALSE,0.083333333
040000008200E00074C5B7101A82E00807E70301188C62D41F02D8010000000000000000100000003BA3EF0A9CC56140B760EA9AD1B0971B1677628800,408,17,1,0,0,0,0,0,16,0,Canceled: No-meeting day,TRUE,TRUE,TRUE,1,17,0,0,18,01/03/2023 00:00,889a5782-ce40-38b3-b44c-69953cf329b4,7c97a818-aa07-459d-a650-ebf352cce2f0,NA,America/Los_Angeles,Mgr+,US,InternalCollaborator,Finance-Corporate,5,14,Executive,1,30/05/2011,4,Employee Group 4,Finance,WPAPUBLICDEMO.ONMICROSOFT.COM,39124dce-a1e4-4bd0-b2d2-212a864cf67a,TRUE,24
040000008200E00074C5B7101A82E00807E70301C61ACB1B5D21D90100000000000000001000000032728B17A95ACB4D8D75795CC26B27791677700800,1,1,0,0,0,0,0,0,0,0,Lunch,FALSE,FALSE,TRUE,1,0,0,0,1,01/03/2023 20:00,d5775448-392e-33bd-8226-ae38b4a387ac,d619c590-6525-4a85-ae4d-b792ba558f50,NA,America/Los_Angeles,Mgr+,US,InternalCollaborator,Customer Service,1,6,Director,2,25/08/2012,27,Employee Group 27,Engineering,WPAPUBLICDEMO.ONMICROSOFT.COM,0000000-0000-0000-0000-0000000000,FALSE,1
040000008200E00074C5B7101A82E0080000000032E9894B8343D90100000000000000001000000033F018BFBD2AEE41B806D2E954F654441677699900,0.25,1,0,0,0,0,0,0,0,0,Catch up on messages,FALSE,FALSE,FALSE,1,0,0,0,1,01/03/2023 19:45,7407a274-f08a-3d6e-b3d4-137129a17c8e,169bf493-7f54-4550-a9ef-83ecb313e5cf,NA,America/Los_Angeles,Mgr+,US,InternalCollaborator,Facilities,2,6,Director,2,01/09/2012,37,Employee Group 37,Marketing,WPAPUBLICDEMO.ONMICROSOFT.COM,0000000-0000-0000-0000-0000000000,FALSE,0.25
040000008200E00074C5B7101A82E00800000000F24D38598943D901000000000000000010000000388E8BF5B3A6A746BB85F5A62CA82ABE1677707100,0.25,1,0,0,0,0,0,0,0,0,Take a break,FALSE,FALSE,FALSE,1,0,0,0,1,01/03/2023 21:45,0f80b8f3-795f-3f65-b3aa-9f516d964c63,c15c2ff3-3dca-4b8b-a877-b4a4553d1172,NA,America/Los_Angeles,Mgr+,US,InternalCollaborator,G&A East,2,6,Director,2,16/05/2015,111,Employee Group 111,R_and_D,WPAPUBLICDEMO.ONMICROSOFT.COM,0000000-0000-0000-0000-0000000000,FALSE,0.25
040000008200E00074C5B7101A82E00800000000BC4B50E77743D901000000000000000010000000841127E8CEC27A40A16D67AB9BAC298B1677696300,0.083333336,1,0,0,0,0,0,0,0,0,Take a break,FALSE,FALSE,FALSE,1,0,0,0,1,01/03/2023 18:45,d5775448-392e-33bd-8226-ae38b4a387ac,d619c590-6525-4a85-ae4d-b792ba558f50,NA,America/Los_Angeles,Mgr+,US,InternalCollaborator,Customer Service,1,6,Director,2,25/08/2012,27,Employee Group 27,Engineering,WPAPUBLICDEMO.ONMICROSOFT.COM,0000000-0000-0000-0000-0000000000,FALSE,0.083333333
040000008200E00074C5B7101A82E00800000000CD16BD2E8143D9010000000000000000100000007B6D004FF7C13542815DBD1AA67584791677688200,2,1,0,0,0,0,0,0,0,0,Focus time,FALSE,FALSE,FALSE,1,0,0,0,1,01/03/2023 16:30,7407a274-f08a-3d6e-b3d4-137129a17c8e,169bf493-7f54-4550-a9ef-83ecb313e5cf,NA,America/Los_Angeles,Mgr+,US,InternalCollaborator,Facilities,2,6,Director,2,01/09/2012,37,Employee Group 37,Marketing,WPAPUBLICDEMO.ONMICROSOFT.COM,0000000-0000-0000-0000-0000000000,FALSE,2
040000008200E00074C5B7101A82E00800000000371C8AC44743D9010000000000000000100000009C5DDC3EA2D67348953F3357F15B251E1677659400,2,1,0,0,0,0,0,0,0,0,Focus time,FALSE,FALSE,FALSE,1,0,0,0,1,01/03/2023 08:30,8e357da8-d9c2-3f2a-8b51-bac09377e49e,1c5f7232-c62f-419f-b58e-e0b99525509c,NA,Etc/UTC,Mgr+,US,InternalCollaborator,Biz Dev,1,14,Executive,1,08/01/2015,1,Employee Group 1,Operations,WPAPUBLICDEMO.ONMICROSOFT.COM,3773d00d-aa7b-4327-983a-013e82842959,TRUE,2
040000008200E00074C5B7101A82E00800000000709E4CE67743D901000000000000000010000000ED7814829CDDA9468AD3EA7FE18203B91677688200,2,1,0,0,0,0,0,0,0,0,Focus time,FALSE,FALSE,FALSE,1,0,0,0,1,01/03/2023 16:30,d5775448-392e-33bd-8226-ae38b4a387ac,d619c590-6525-4a85-ae4d-b792ba558f50,NA,America/Los_Angeles,Mgr+,US,InternalCollaborator,Customer Service,1,6,Director,2,25/08/2012,27,Employee Group 27,Engineering,WPAPUBLICDEMO.ONMICROSOFT.COM,0000000-0000-0000-0000-0000000000,FALSE,2
040000008200E00074C5B7101A82E00807E70301B4F0FC4FA631D901000000000000000010000000323E58022FCC8541AF7E72DE72B2684E1677668400,3,1,0,0,0,0,0,0,0,0,Obed,FALSE,FALSE,TRUE,1,0,0,0,1,01/03/2023 11:00,7407a274-f08a-3d6e-b3d4-137129a17c8e,169bf493-7f54-4550-a9ef-83ecb313e5cf,NA,America/Los_Angeles,Mgr+,US,InternalCollaborator,Facilities,2,6,Director,2,01/09/2012,37,Employee Group 37,Marketing,WPAPUBLICDEMO.ONMICROSOFT.COM,0000000-0000-0000-0000-0000000000,FALSE,3
040000008200E00074C5B7101A82E00800000000DA498FEC7D43D901000000000000000010000000DE2930715644AB41A641F51C675BC3781677688200,2,1,0,0,0,0,0,0,0,0,Focus time,FALSE,FALSE,FALSE,1,0,0,0,1,01/03/2023 16:30,f8ed6de3-7463-3a45-bbf6-026bb89424c0,aecc65cc-4ffa-4f88-9469-805953a2f4e4,NA,America/Los_Angeles,Mgr+,US,InternalCollaborator,Human Resources,3,14,Executive,1,11/07/2012,12,Employee Group 12,Operations,WPAPUBLICDEMO.ONMICROSOFT.COM,654a4f57-5b27-63c5-a500-849df79cb3b8,TRUE,2
040000008200E00074C5B7101A82E00807E703022BE5955A2D24D801000000000000000010000000D87A0EA90A1288449B3C7F74B97FC42B1677715200,144,6,0,0,0,0,0,0,0,0,No-meeting day,TRUE,FALSE,TRUE,1,6,0,0,7,02/03/2023 00:00,bb097379-891f-3c7a-ab9b-bd723329dda5,44769754-9af5-4310-9007-c0ba986848d7,NA,America/Los_Angeles,Mgr+,US,InternalCollaborator,Biz Dev,0,6,Director,2,01/12/2013,17,Employee Group 17,Operations,WPAPUBLICDEMO.ONMICROSOFT.COM,3d7ed447-75a5-6488-a5d5-b45798a6fa17,TRUE,24
040000008200E00074C5B7101A82E00800000000ED5C9F4B8343D901000000000000000010000000EE7285551AD8E042A1BE4B400746F2671677786300,0.25,1,0,0,0,0,0,0,0,0,Catch up on messages,FALSE,FALSE,FALSE,1,0,0,0,1,02/03/2023 19:45,7407a274-f08a-3d6e-b3d4-137129a17c8e,169bf493-7f54-4550-a9ef-83ecb313e5cf,NA,America/Los_Angeles,Mgr+,US,InternalCollaborator,Facilities,2,6,Director,2,01/09/2012,37,Employee Group 37,Marketing,WPAPUBLICDEMO.ONMICROSOFT.COM,0000000-0000-0000-0000-0000000000,FALSE,0.25
040000008200E00074C5B7101A82E00800000000DCE854598943D901000000000000000010000000001C30670F775E49A30FBB9A219FB4B21677782700,0.25,1,0,0,0,0,0,0,0,0,Take a break,FALSE,FALSE,FALSE,1,0,0,0,1,02/03/2023 18:45,0f80b8f3-795f-3f65-b3aa-9f516d964c63,c15c2ff3-3dca-4b8b-a877-b4a4553d1172,NA,America/Los_Angeles,Mgr+,US,InternalCollaborator,G&A East,2,6,Director,2,16/05/2015,111,Employee Group 111,R_and_D,WPAPUBLICDEMO.ONMICROSOFT.COM,0000000-0000-0000-0000-0000000000,FALSE,0.25
040000008200E00074C5B7101A82E00800000000F35C6A598943D90100000000000000001000000026021CB52EEF854FAC6E75AAA94911AF1677793500,0.25,1,0,0,0,0,0,0,0,0,Take a break,FALSE,FALSE,FALSE,1,0,0,0,1,02/03/2023 21:45,0f80b8f3-795f-3f65-b3aa-9f516d964c63,c15c2ff3-3dca-4b8b-a877-b4a4553d1172,NA,America/Los_Angeles,Mgr+,US,InternalCollaborator,G&A East,2,6,Director,2,16/05/2015,111,Employee Group 111,R_and_D,WPAPUBLICDEMO.ONMICROSOFT.COM,0000000-0000-0000-0000-0000000000,FALSE,0.25
040000008200E00074C5B7101A82E00800000000690C70E67743D90100000000000000001000000000E8A273329A4B4E9E5EF95FEF56D9691677774600,2,1,0,0,0,0,0,0,0,0,Focus time,FALSE,FALSE,FALSE,1,0,0,0,1,02/03/2023 16:30,d5775448-392e-33bd-8226-ae38b4a387ac,d619c590-6525-4a85-ae4d-b792ba558f50,NA,America/Los_Angeles,Mgr+,US,InternalCollaborator,Customer Service,1,6,Director,2,25/08/2012,27,Employee Group 27,Engineering,WPAPUBLICDEMO.ONMICROSOFT.COM,0000000-0000-0000-0000-0000000000,FALSE,2
040000008200E00074C5B7101A82E00807E70302B4F0FC4FA631D901000000000000000010000000323E58022FCC8541AF7E72DE72B2684E1677754800,3,1,0,0,0,0,0,0,0,0,Obed,FALSE,FALSE,TRUE,1,0,0,0,1,02/03/2023 11:00,7407a274-f08a-3d6e-b3d4-137129a17c8e,169bf493-7f54-4550-a9ef-83ecb313e5cf,NA,America/Los_Angeles,Mgr+,US,InternalCollaborator,Facilities,2,6,Director,2,01/09/2012,37,Employee Group 37,Marketing,WPAPUBLICDEMO.ONMICROSOFT.COM,0000000-0000-0000-0000-0000000000,FALSE,3
040000008200E00074C5B7101A82E008000000004D6D704A8343D90100000000000000001000000089D0C571D7C3AA46BA5407E1432445DF1677782700,0.25,1,0,0,0,0,0,0,0,0,Take a break,FALSE,FALSE,FALSE,1,0,0,0,1,02/03/2023 18:45,7407a274-f08a-3d6e-b3d4-137129a17c8e,169bf493-7f54-4550-a9ef-83ecb313e5cf,NA,America/Los_Angeles,Mgr+,US,InternalCollaborator,Facilities,2,6,Director,2,01/09/2012,37,Employee Group 37,Marketing,WPAPUBLICDEMO.ONMICROSOFT.COM,0000000-0000-0000-0000-0000000000,FALSE,0.25
040000008200E00074C5B7101A82E008000000006419A9C44743D9010000000000000000100000000B2D3401D626704F83F7CFCA2F2CA2121677745800,2,1,0,0,0,0,0,0,0,0,Focus time,FALSE,FALSE,FALSE,1,0,0,0,1,02/03/2023 08:30,8e357da8-d9c2-3f2a-8b51-bac09377e49e,1c5f7232-c62f-419f-b58e-e0b99525509c,NA,Etc/UTC,Mgr+,US,InternalCollaborator,Biz Dev,1,14,Executive,1,08/01/2015,1,Employee Group 1,Operations,WPAPUBLICDEMO.ONMICROSOFT.COM,3773d00d-aa7b-4327-983a-013e82842959,TRUE,2
040000008200E00074C5B7101A82E00800000000950CB3EC7D43D901000000000000000010000000EC68209DB5772B42A04D96811AA683391677774600,2,1,0,0,0,0,0,0,0,0,Focus time,FALSE,FALSE,FALSE,1,0,0,0,1,02/03/2023 16:30,f8ed6de3-7463-3a45-bbf6-026bb89424c0,aecc65cc-4ffa-4f88-9469-805953a2f4e4,NA,America/Los_Angeles,Mgr+,US,InternalCollaborator,Human Resources,3,14,Executive,1,11/07/2012,12,Employee Group 12,Operations,WPAPUBLICDEMO.ONMICROSOFT.COM,654a4f57-5b27-63c5-a500-849df79cb3b8,TRUE,2
040000008200E00074C5B7101A82E00800000000598189E77743D9010000000000000000100000004AC7A55D2B787C428658BD0F0A0A283D1677782700,0.083333336,1,0,0,0,0,0,0,0,0,Take a break,FALSE,FALSE,FALSE,1,0,0,0,1,02/03/2023 18:45,d5775448-392e-33bd-8226-ae38b4a387ac,d619c590-6525-4a85-ae4d-b792ba558f50,NA,America/Los_Angeles,Mgr+,US,InternalCollaborator,Customer Service,1,6,Director,2,25/08/2012,27,Employee Group 27,Engineering,WPAPUBLICDEMO.ONMICROSOFT.COM,0000000-0000-0000-0000-0000000000,FALSE,0.083333333
040000008200E00074C5B7101A82E00807E70302AE96CEF81C02D801000000000000000010000000E42D137D34D4CD4DBB9C167AAC7A3DF41677715200,408,17,0,0,0,0,0,0,0,0,Canceled: No-meeting day,TRUE,TRUE,TRUE,1,17,0,0,18,02/03/2023 00:00,889a5782-ce40-38b3-b44c-69953cf329b4,7c97a818-aa07-459d-a650-ebf352cce2f0,NA,America/Los_Angeles,Mgr+,US,InternalCollaborator,Finance-Corporate,5,14,Executive,1,30/05/2011,4,Employee Group 4,Finance,WPAPUBLICDEMO.ONMICROSOFT.COM,39124dce-a1e4-4bd0-b2d2-212a864cf67a,TRUE,24
040000008200E00074C5B7101A82E00800000000F22E944A8343D9010000000000000000100000001610BC80534FE64D87D9A9052BDF80F71677793500,0.25,1,0,0,0,0,0,0,0,0,Take a break,FALSE,FALSE,FALSE,1,0,0,0,1,02/03/2023 21:45,7407a274-f08a-3d6e-b3d4-137129a17c8e,169bf493-7f54-4550-a9ef-83ecb313e5cf,NA,America/Los_Angeles,Mgr+,US,InternalCollaborator,Facilities,2,6,Director,2,01/09/2012,37,Employee Group 37,Marketing,WPAPUBLICDEMO.ONMICROSOFT.COM,0000000-0000-0000-0000-0000000000,FALSE,0.25
040000008200E00074C5B7101A82E00800000000EE57A1E77743D901000000000000000010000000EE10D4D67DEFB64BBEB84042C368C9961677793500,0.083333336,1,0,0,0,0,0,0,0,0,Take a break,FALSE,FALSE,FALSE,1,0,0,0,1,02/03/2023 21:45,d5775448-392e-33bd-8226-ae38b4a387ac,d619c590-6525-4a85-ae4d-b792ba558f50,NA,America/Los_Angeles,Mgr+,US,InternalCollaborator,Customer Service,1,6,Director,2,25/08/2012,27,Employee Group 27,Engineering,WPAPUBLICDEMO.ONMICROSOFT.COM,0000000-0000-0000-0000-0000000000,FALSE,0.083333333
040000008200E00074C5B7101A82E00807E70302C61ACB1B5D21D90100000000000000001000000032728B17A95ACB4D8D75795CC26B27791677787200,1,1,0,0,0,0,0,0,0,0,Lunch,FALSE,FALSE,TRUE,1,0,0,0,1,02/03/2023 20:00,d5775448-392e-33bd-8226-ae38b4a387ac,d619c590-6525-4a85-ae4d-b792ba558f50,NA,America/Los_Angeles,Mgr+,US,InternalCollaborator,Customer Service,1,6,Director,2,25/08/2012,27,Employee Group 27,Engineering,WPAPUBLICDEMO.ONMICROSOFT.COM,0000000-0000-0000-0000-0000000000,FALSE,1
040000008200E00074C5B7101A82E008000000003C66EA2E8143D901000000000000000010000000B19B7D2BE3EA5C4CA5C43064F762D1881677774600,2,1,0,0,0,0,0,0,0,0,Focus time,FALSE,FALSE,FALSE,1,0,0,0,1,02/03/2023 16:30,7407a274-f08a-3d6e-b3d4-137129a17c8e,169bf493-7f54-4550-a9ef-83ecb313e5cf,NA,America/Los_Angeles,Mgr+,US,InternalCollaborator,Facilities,2,6,Director,2,01/09/2012,37,Employee Group 37,Marketing,WPAPUBLICDEMO.ONMICROSOFT.COM,0000000-0000-0000-0000-0000000000,FALSE,2
040000008200E00074C5B7101A82E008000000002E2CB34A8343D9010000000000000000100000007DC912F72539A046A95799ABF90475DE1677869100,0.25,1,0,0,0,0,0,0,0,0,Take a break,FALSE,FALSE,FALSE,1,0,0,0,1,03/03/2023 18:45,7407a274-f08a-3d6e-b3d4-137129a17c8e,169bf493-7f54-4550-a9ef-83ecb313e5cf,NA,America/Los_Angeles,Mgr+,US,InternalCollaborator,Facilities,2,6,Director,2,01/09/2012,37,Employee Group 37,Marketing,WPAPUBLICDEMO.ONMICROSOFT.COM,0000000-0000-0000-0000-0000000000,FALSE,0.25
040000008200E00074C5B7101A82E008000000000AB4C5C44743D901000000000000000010000000B3D78CCA9FC5224CA5E882CA47F145EC1677832200,2,1,0,0,0,0,0,0,0,0,Focus time,FALSE,FALSE,FALSE,1,0,0,0,1,03/03/2023 08:30,8e357da8-d9c2-3f2a-8b51-bac09377e49e,1c5f7232-c62f-419f-b58e-e0b99525509c,NA,Etc/UTC,Mgr+,US,InternalCollaborator,Biz Dev,1,14,Executive,1,08/01/2015,1,Employee Group 1,Operations,WPAPUBLICDEMO.ONMICROSOFT.COM,3773d00d-aa7b-4327-983a-013e82842959,TRUE,2
040000008200E00074C5B7101A82E008000000007F078FE67743D901000000000000000010000000D46D5970B6335840BFDC75C6432F88F61677861000,2,1,0,0,0,0,0,0,0,0,Focus time,FALSE,FALSE,FALSE,1,0,0,0,1,03/03/2023 16:30,d5775448-392e-33bd-8226-ae38b4a387ac,d619c590-6525-4a85-ae4d-b792ba558f50,NA,America/Los_Angeles,Mgr+,US,InternalCollaborator,Customer Service,1,6,Director,2,25/08/2012,27,Employee Group 27,Engineering,WPAPUBLICDEMO.ONMICROSOFT.COM,0000000-0000-0000-0000-0000000000,FALSE,2
040000008200E00074C5B7101A82E0080000000032DF8B017A43D901000000000000000010000000FE0409B7C897F04CBD9FC92B64CAC3D21677803400,0.5,1,0,0,0,0,0,0,0,0,Catch up on messages,FALSE,FALSE,FALSE,1,0,0,0,1,03/03/2023 00:30,d5775448-392e-33bd-8226-ae38b4a387ac,d619c590-6525-4a85-ae4d-b792ba558f50,NA,America/Los_Angeles,Mgr+,US,InternalCollaborator,Customer Service,1,6,Director,2,25/08/2012,27,Employee Group 27,Engineering,WPAPUBLICDEMO.ONMICROSOFT.COM,0000000-0000-0000-0000-0000000000,FALSE,0.5
040000008200E00074C5B7101A82E00800000000AD6D9C598943D9010000000000000000100000004072DCAFE92762408E8D2F7812428B9A1677879900,0.25,1,0,0,0,0,0,0,0,0,Take a break,FALSE,FALSE,FALSE,1,0,0,0,1,03/03/2023 21:45,0f80b8f3-795f-3f65-b3aa-9f516d964c63,c15c2ff3-3dca-4b8b-a877-b4a4553d1172,NA,America/Los_Angeles,Mgr+,US,InternalCollaborator,G&A East,2,6,Director,2,16/05/2015,111,Employee Group 111,R_and_D,WPAPUBLICDEMO.ONMICROSOFT.COM,0000000-0000-0000-0000-0000000000,FALSE,0.25
040000008200E00074C5B7101A82E00800000000A4F786598943D9010000000000000000100000009C28F20D4C4DC847B015A9629426D2D81677869100,0.25,1,0,0,0,0,0,0,0,0,Take a break,FALSE,FALSE,FALSE,1,0,0,0,1,03/03/2023 18:45,0f80b8f3-795f-3f65-b3aa-9f516d964c63,c15c2ff3-3dca-4b8b-a877-b4a4553d1172,NA,America/Los_Angeles,Mgr+,US,InternalCollaborator,G&A East,2,6,Director,2,16/05/2015,111,Employee Group 111,R_and_D,WPAPUBLICDEMO.ONMICROSOFT.COM,0000000-0000-0000-0000-0000000000,FALSE,0.25
040000008200E00074C5B7101A82E008000000009C95B94B8343D901000000000000000010000000277B9913FF8B4C4F98FC1852576A46D01677872700,0.25,1,0,0,0,0,0,0,0,0,Catch up on messages,FALSE,FALSE,FALSE,1,0,0,0,1,03/03/2023 19:45,7407a274-f08a-3d6e-b3d4-137129a17c8e,169bf493-7f54-4550-a9ef-83ecb313e5cf,NA,America/Los_Angeles,Mgr+,US,InternalCollaborator,Facilities,2,6,Director,2,01/09/2012,37,Employee Group 37,Marketing,WPAPUBLICDEMO.ONMICROSOFT.COM,0000000-0000-0000-0000-0000000000,FALSE,0.25
040000008200E00074C5B7101A82E00807E70303C61ACB1B5D21D90100000000000000001000000032728B17A95ACB4D8D75795CC26B27791677873600,1,1,0,0,0,0,0,0,0,0,Lunch,FALSE,FALSE,TRUE,1,0,0,0,1,03/03/2023 20:00,d5775448-392e-33bd-8226-ae38b4a387ac,d619c590-6525-4a85-ae4d-b792ba558f50,NA,America/Los_Angeles,Mgr+,US,InternalCollaborator,Customer Service,1,6,Director,2,25/08/2012,27,Employee Group 27,Engineering,WPAPUBLICDEMO.ONMICROSOFT.COM,0000000-0000-0000-0000-0000000000,FALSE,1
040000008200E00074C5B7101A82E008000000006ECE55658543D90100000000000000001000000003C0B92EE638B94B9C529714DA2011A41677873600,1,1,0,0,0,0,0,0,0,0,Learning time,FALSE,FALSE,FALSE,1,0,0,0,1,03/03/2023 20:00,7407a274-f08a-3d6e-b3d4-137129a17c8e,169bf493-7f54-4550-a9ef-83ecb313e5cf,NA,America/Los_Angeles,Mgr+,US,InternalCollaborator,Facilities,2,6,Director,2,01/09/2012,37,Employee Group 37,Marketing,WPAPUBLICDEMO.ONMICROSOFT.COM,0000000-0000-0000-0000-0000000000,FALSE,1
040000008200E00074C5B7101A82E008000000001A131A2F8143D9010000000000000000100000002B64DA754BB3DE4183E57E9700E6E5371677861000,2,1,0,0,0,0,0,0,0,0,Focus time,FALSE,FALSE,FALSE,1,0,0,0,1,03/03/2023 16:30,7407a274-f08a-3d6e-b3d4-137129a17c8e,169bf493-7f54-4550-a9ef-83ecb313e5cf,NA,America/Los_Angeles,Mgr+,US,InternalCollaborator,Facilities,2,6,Director,2,01/09/2012,37,Employee Group 37,Marketing,WPAPUBLICDEMO.ONMICROSOFT.COM,0000000-0000-0000-0000-0000000000,FALSE,2
040000008200E00074C5B7101A82E00807E70303B4F0FC4FA631D901000000000000000010000000323E58022FCC8541AF7E72DE72B2684E1677841200,3,1,0,0,0,0,0,0,0,0,Obed,FALSE,FALSE,TRUE,1,0,0,0,1,03/03/2023 11:00,7407a274-f08a-3d6e-b3d4-137129a17c8e,169bf493-7f54-4550-a9ef-83ecb313e5cf,NA,America/Los_Angeles,Mgr+,US,InternalCollaborator,Facilities,2,6,Director,2,01/09/2012,37,Employee Group 37,Marketing,WPAPUBLICDEMO.ONMICROSOFT.COM,0000000-0000-0000-0000-0000000000,FALSE,3
040000008200E00074C5B7101A82E008000000002E2EB9E77743D90100000000000000001000000000AFEDD6BA17534AB7C93CFF9D1FE0221677869100,0.083333336,1,0,0,0,0,0,0,0,0,Take a break,FALSE,FALSE,FALSE,1,0,0,0,1,03/03/2023 18:45,d5775448-392e-33bd-8226-ae38b4a387ac,d619c590-6525-4a85-ae4d-b792ba558f50,NA,America/Los_Angeles,Mgr+,US,InternalCollaborator,Customer Service,1,6,Director,2,25/08/2012,27,Employee Group 27,Engineering,WPAPUBLICDEMO.ONMICROSOFT.COM,0000000-0000-0000-0000-0000000000,FALSE,0.083333333
040000008200E00074C5B7101A82E00800000000BE66D3E77743D901000000000000000010000000A459D70E5E2AE34CB50CF26EAB3C1A621677879900,0.083333336,1,0,0,0,0,0,0,0,0,Take a break,FALSE,FALSE,FALSE,1,0,0,0,1,03/03/2023 21:45,d5775448-392e-33bd-8226-ae38b4a387ac,d619c590-6525-4a85-ae4d-b792ba558f50,NA,America/Los_Angeles,Mgr+,US,InternalCollaborator,Customer Service,1,6,Director,2,25/08/2012,27,Employee Group 27,Engineering,WPAPUBLICDEMO.ONMICROSOFT.COM,0000000-0000-0000-0000-0000000000,FALSE,0.083333333
040000008200E00074C5B7101A82E00800000000F09BE6017A43D9010000000000000000100000003DC157AA1B7A8D47B82C31D0ED7CC1D01677870000,1,1,0,0,0,0,0,0,0,0,Learning time,FALSE,FALSE,FALSE,1,0,0,0,1,03/03/2023 19:00,d5775448-392e-33bd-8226-ae38b4a387ac,d619c590-6525-4a85-ae4d-b792ba558f50,NA,America/Los_Angeles,Mgr+,US,InternalCollaborator,Customer Service,1,6,Director,2,25/08/2012,27,Employee Group 27,Engineering,WPAPUBLICDEMO.ONMICROSOFT.COM,0000000-0000-0000-0000-0000000000,FALSE,1
040000008200E00074C5B7101A82E00807E70303C44B90D12C02D801000000000000000010000000A65F24BC4932D34DAC6BB0B811E6D8DB1677801600,432,18,0,0,0,0,0,0,0,0,No-meeting day,TRUE,FALSE,TRUE,1,17,0,0,18,03/03/2023 00:00,889a5782-ce40-38b3-b44c-69953cf329b4,7c97a818-aa07-459d-a650-ebf352cce2f0,NA,America/Los_Angeles,Mgr+,US,InternalCollaborator,Finance-Corporate,5,14,Executive,1,30/05/2011,4,Employee Group 4,Finance,WPAPUBLICDEMO.ONMICROSOFT.COM,39124dce-a1e4-4bd0-b2d2-212a864cf67a,TRUE,24
040000008200E00074C5B7101A82E008000000003629D24A8343D9010000000000000000100000003F883D59837086439EF556E666389D901677879900,0.25,1,0,0,0,0,0,0,0,0,Take a break,FALSE,FALSE,FALSE,1,0,0,0,1,03/03/2023 21:45,7407a274-f08a-3d6e-b3d4-137129a17c8e,169bf493-7f54-4550-a9ef-83ecb313e5cf,NA,America/Los_Angeles,Mgr+,US,InternalCollaborator,Facilities,2,6,Director,2,01/09/2012,37,Employee Group 37,Marketing,WPAPUBLICDEMO.ONMICROSOFT.COM,0000000-0000-0000-0000-0000000000,FALSE,0.25
040000008200E00074C5B7101A82E00807E703040C225123ACE2D7010000000000000000100000006B1061F14266C448936F870C3F5AE8411677888000,312,13,0,0,0,0,0,0,0,0,Canceled: No-meeting day,TRUE,TRUE,TRUE,1,13,0,0,14,04/03/2023 00:00,f8ed6de3-7463-3a45-bbf6-026bb89424c0,aecc65cc-4ffa-4f88-9469-805953a2f4e4,NA,America/Los_Angeles,Mgr+,US,InternalCollaborator,Human Resources,3,14,Executive,1,11/07/2012,12,Employee Group 12,Operations,WPAPUBLICDEMO.ONMICROSOFT.COM,654a4f57-5b27-63c5-a500-849df79cb3b8,TRUE,24
040000008200E00074C5B7101A82E00807E70304A53A195AF3A3D801000000000000000010000000DA977C8D33EDA0459DA7F6CB2EAF35E31677888000,216,9,0,0,0,0,0,0,0,0,Canceled: <U+7121><U+6703><U+8B70><U+65E5>,TRUE,TRUE,TRUE,1,10,0,0,11,04/03/2023 00:00,7407a274-f08a-3d6e-b3d4-137129a17c8e,169bf493-7f54-4550-a9ef-83ecb313e5cf,NA,America/Los_Angeles,Mgr+,US,InternalCollaborator,Facilities,2,6,Director,2,01/09/2012,37,Employee Group 37,Marketing,WPAPUBLICDEMO.ONMICROSOFT.COM,0000000-0000-0000-0000-0000000000,FALSE,24
040000008200E00074C5B7101A82E00800000000CD17A6017A43D90100000000000000001000000023F855EA23CD5C49B108E6056430B3731677889800,0.5,1,0,0,0,0,0,0,0,0,Catch up on messages,FALSE,FALSE,FALSE,1,0,0,0,1,04/03/2023 00:30,d5775448-392e-33bd-8226-ae38b4a387ac,d619c590-6525-4a85-ae4d-b792ba558f50,NA,America/Los_Angeles,Mgr+,US,InternalCollaborator,Customer Service,1,6,Director,2,25/08/2012,27,Employee Group 27,Engineering,WPAPUBLICDEMO.ONMICROSOFT.COM,0000000-0000-0000-0000-0000000000,FALSE,0.5
